201208172_T-14-18-29_Dive_01_118.jpg
x,y,label
241,199,1
288,33,3
172,429,0
298,324,5
120,829,0
290,625,5
214,1086,4
304,984,5
191,1474,4
22,1466,3
667,183,5
767,102,0
656,390,0
487,508,0
687,855,4
482,731,4
655,1114,4
443,993,4
813,1445,4
479,1361,4
894,40,4
1058,168,4
951,573,4
1180,597,4
1023,706,4
1098,752,4
924,1119,4
869,1202,4
1058,1484,4
1143,1392,4
1261,150,1
1349,65,4
1484,322,0
1616,364,0
1266,736,4
1264,749,4
1576,976,0
1607,1013,0
1558,1252,0
1245,1365,0
1643,147,1
1759,182,1
1861,492,1
1788,340,1
1928,705,0
1676,910,0
1779,1105,0
1806,1210,3
1895,1502,3
1791,1234,1
272,191,1
178,105,1
159,159,1
284,136,1
180,120,1
217,130,1
298,158,1
143,150,1
266,212,1
265,213,1
249,16,3
207,46,3
212,75,3
263,94,3
239,15,3
211,55,3
224,81,3
240,74,3
261,53,3
182,29,3
125,438,0
151,475,0
139,498,0
114,442,0
90,469,0
119,424,0
139,440,0
173,408,0
117,456,0
130,493,0
291,343,5
298,266,5
261,295,5
239,246,5
261,253,5
352,341,5
305,276,5
263,347,5
298,304,5
301,347,5
22,781,0
60,758,0
110,748,0
24,805,0
103,830,0
122,723,0
40,800,0
115,760,0
72,785,0
76,768,0
290,667,5
330,641,5
435,600,5
293,675,5
313,642,5
438,618,5
282,612,5
400,601,5
276,636,5
445,641,5
265,1161,4
307,1351,4
388,1140,4
406,1198,4
291,1255,4
350,1279,4
355,1314,4
264,1323,4
270,1114,4
236,1154,4
258,974,5
295,904,5
294,880,5
290,906,5
277,1021,5
257,1065,5
299,884,5
258,926,5
282,948,5
310,992,5
223,1383,4
229,1391,4
172,1514,4
214,1500,4
283,1421,4
153,1522,4
202,1454,4
196,1428,4
179,1448,4
161,1472,4
6,1493,3
38,1446,3
66,1401,3
46,1430,3
57,1412,3
2,1449,3
28,1382,3
72,1414,3
9,1314,3
1,1304,3
741,91,5
693,81,5
692,65,5
693,74,5
704,141,5
717,190,5
717,133,5
685,113,5
721,169,5
614,146,5
704,124,0
603,134,0
628,91,0
607,127,0
605,92,0
722,130,0
740,98,0
690,126,0
640,127,0
603,79,0
664,408,0
619,348,0
698,383,0
682,388,0
638,395,0
710,408,0
636,334,0
592,358,0
642,353,0
695,396,0
534,423,0
512,511,0
386,489,0
452,444,0
457,503,0
500,513,0
484,432,0
407,456,0
496,515,0
490,432,0
676,883,4
676,838,4
664,873,4
675,742,4
681,884,4
640,747,4
641,816,4
641,782,4
674,816,4
688,847,4
387,682,4
397,683,4
437,671,4
445,784,4
444,699,4
493,773,4
513,738,4
426,732,4
509,697,4
446,759,4
657,1173,4
732,1117,4
754,1134,4
644,1123,4
660,1042,4
684,1133,4
614,1067,4
674,1033,4
641,1116,4
691,1157,4
488,1000,4
440,1000,4
487,1067,4
453,962,4
410,1048,4
464,989,4
488,981,4
406,1008,4
424,1014,4
403,1039,4
814,1442,4
800,1447,4
812,1448,4
804,1446,4
840,1473,4
850,1503,4
792,1488,4
799,1465,4
862,1512,4
827,1456,4
592,1390,4
397,1333,4
571,1344,4
447,1370,4
626,1380,4
526,1321,4
546,1349,4
557,1326,4
467,1329,4
455,1284,4
788,1,4
946,53,4
869,41,4
848,43,4
965,32,4
906,41,4
901,11,4
941,65,4
939,24,4
907,25,4
955,129,4
1035,234,4
978,12,4
948,66,4
979,149,4
865,61,4
985,112,4
1029,58,4
1117,172,4
997,3,4
918,597,4
943,667,4
927,688,4
992,582,4
980,573,4
971,601,4
954,636,4
934,651,4
1006,576,4
936,661,4
1213,616,4
1208,613,4
1215,635,4
1303,574,4
1242,629,4
1206,608,4
1252,623,4
1238,581,4
1265,638,4
1256,660,4
1055,700,4
1041,664,4
975,732,4
1049,679,4
1031,630,4
1011,653,4
1045,648,4
1046,636,4
1023,676,4
987,713,4
1071,686,4
1035,716,4
1045,690,4
1031,767,4
1083,694,4
1038,752,4
1018,776,4
985,753,4
985,718,4
1021,705,4
904,1146,4
970,1222,4
939,1118,4
1015,1150,4
987,1182,4
881,1155,4
980,1176,4
907,1131,4
977,1156,4
888,1126,4
847,1133,4
883,1265,4
834,1163,4
884,1254,4
815,1035,4
840,1095,4
839,1180,4
859,1101,4
860,1114,4
840,1055,4
1033,1530,4
1029,1474,4
1127,1476,4
981,1503,4
1129,1464,4
1114,1454,4
1007,1510,4
1039,1474,4
1087,1487,4
1091,1508,4
1138,1406,4
1139,1395,4
1138,1425,4
1179,1323,4
1163,1377,4
1155,1358,4
1123,1369,4
1140,1427,4
1105,1428,4
1124,1354,4
1220,255,1
1249,176,1
1296,199,1
1299,197,1
1279,172,1
1296,218,1
1238,171,1
1286,189,1
1260,220,1
1227,247,1
1345,2,4
1298,21,4
1266,120,4
1349,80,4
1379,31,4
1333,64,4
1366,11,4
1343,56,4
1291,21,4
1239,54,4
1393,329,0
1491,331,0
1437,416,0
1436,362,0
1440,377,0
1405,419,0
1426,438,0
1399,342,0
1469,343,0
1425,397,0
1536,324,0
1529,404,0
1553,309,0
1491,364,0
1586,396,0
1624,383,0
1555,346,0
1557,372,0
1526,322,0
1526,392,0
1309,733,4
1236,707,4
1275,784,4
1265,690,4
1248,731,4
1247,687,4
1243,756,4
1337,763,4
1237,725,4
1269,805,4
1280,769,4
1254,757,4
1249,781,4
1228,776,4
1298,740,4
1310,796,4
1309,753,4
1237,727,4
1267,760,4
1310,793,4
1593,1024,0
1566,1021,0
1593,1002,0
1566,979,0
1627,951,0
1558,972,0
1580,1007,0
1525,933,0
1609,960,0
1594,978,0
1590,952,0
1632,939,0
1519,996,0
1621,979,0
1578,1007,0
1531,941,0
1529,914,0
1624,941,0
1543,937,0
1560,994,0
1539,1277,0
1593,1253,0
1596,1215,0
1550,1232,0
1630,1220,0
1600,1314,0
1592,1252,0
1622,1253,0
1602,1263,0
1591,1224,0
1289,1345,0
1275,1326,0
1274,1355,0
1279,1372,0
1255,1335,0
1273,1353,0
1258,1390,0
1308,1362,0
1260,1345,0
1309,1329,0
1591,178,1
1621,156,1
1629,237,1
1587,185,1
1650,123,1
1644,200,1
1617,183,1
1559,115,1
1662,134,1
1651,196,1
1736,230,1
1717,158,1
1731,208,1
1738,201,1
1768,193,1
1681,166,1
1680,148,1
1763,207,1
1747,124,1
1744,122,1
1853,456,1
1778,500,1
1821,424,1
1775,446,1
1838,431,1
1743,426,1
1833,464,1
1801,428,1
1832,419,1
1830,506,1
1800,300,1
1869,336,1
1786,343,1
1835,314,1
1834,384,1
1778,314,1
1836,333,1
1787,362,1
1915,398,1
1766,312,1
1894,785,0
1914,696,0
1870,695,0
1913,807,0
1911,729,0
1854,729,0
1928,734,0
1897,781,0
1827,719,0
1851,725,0
1719,962,0
1698,982,0
1678,984,0
1629,955,0
1674,910,0
1683,916,0
1668,971,0
1668,966,0
1721,981,0
1715,948,0
1729,1085,0
1721,1078,0
1756,1106,0
1780,1106,0
1763,1105,0
1766,1048,0
1733,1116,0
1744,1032,0
1763,1033,0
1770,1087,0
1803,1205,3
1795,1278,3
1828,1282,3
1714,1250,3
1810,1295,3
1814,1212,3
1808,1346,3
1779,1311,3
1803,1284,3
1819,1276,3
1954,1485,3
1938,1462,3
1862,1522,3
1915,1503,3
1925,1480,3
1860,1470,3
1909,1488,3
1902,1485,3
1944,1450,3
1912,1504,3
1732,1258,1
1731,1260,1
1748,1269,1
1783,1281,1
1742,1264,1
1805,1208,1
1725,1236,1
1805,1339,1
1822,1280,1
1805,1309,1
