201208172_T-13-51-38_Dive_01_094.jpg
x,y,label
210,13,5
159,199,3
83,380,2
185,546,3
290,814,2
383,719,3
289,1150,3
319,1100,3
70,1438,3
384,1426,2
661,204,5
422,301,5
787,532,5
423,455,3
556,868,5
652,810,5
661,1145,5
439,1154,2
632,1332,5
434,1435,5
849,194,3
941,34,5
877,549,3
1088,485,3
1111,765,3
829,752,5
892,1052,5
1224,1166,5
1047,1325,5
1004,1350,5
1383,154,2
1351,68,5
1242,341,3
1444,395,3
1315,708,2
1541,808,3
1606,939,3
1471,981,3
1265,1248,5
1583,1390,5
1752,115,3
1757,112,3
2006,378,3
1717,583,5
1659,823,2
1664,666,2
1829,1155,2
1700,1051,5
1972,1244,3
1831,1398,3
121,80,5
189,43,5
235,15,5
166,63,5
153,58,5
97,103,5
146,83,5
113,84,5
131,78,5
124,24,5
129,220,3
129,130,3
127,230,3
151,180,3
194,97,3
167,268,3
195,170,3
194,110,3
104,160,3
130,150,3
112,368,2
61,389,2
68,394,2
133,418,2
74,405,2
50,361,2
86,455,2
87,343,2
65,378,2
114,381,2
273,522,3
242,537,3
190,502,3
292,508,3
255,542,3
198,506,3
230,497,3
181,549,3
282,547,3
296,500,3
240,761,2
285,768,2
196,712,2
215,692,2
249,766,2
300,755,2
235,808,2
242,821,2
280,724,2
227,742,2
352,654,3
335,635,3
296,659,3
312,580,3
372,646,3
343,639,3
365,696,3
306,668,3
284,583,3
399,608,3
266,1158,3
245,1185,3
279,1213,3
229,1169,3
253,1206,3
279,1139,3
233,1183,3
215,1166,3
265,1156,3
195,1173,3
272,1054,3
214,1119,3
336,1085,3
256,1104,3
308,1072,3
241,1074,3
233,1100,3
231,1058,3
238,1119,3
219,1081,3
43,1399,3
48,1513,3
8,1513,3
75,1474,3
76,1499,3
39,1490,3
72,1494,3
41,1469,3
75,1483,3
24,1424,3
353,1529,2
411,1471,2
392,1531,2
361,1461,2
346,1509,2
331,1530,2
401,1425,2
389,1421,2
377,1524,2
353,1516,2
703,247,5
587,205,5
755,150,5
591,179,5
742,138,5
739,220,5
598,207,5
717,125,5
755,150,5
676,192,5
406,292,5
372,273,5
369,288,5
400,311,5
396,307,5
381,301,5
400,201,5
361,309,5
367,285,5
398,256,5
777,558,5
743,577,5
799,458,5
815,552,5
738,595,5
761,598,5
794,595,5
779,519,5
793,573,5
784,474,5
404,365,3
426,352,3
407,417,3
427,475,3
446,386,3
437,425,3
426,378,3
397,407,3
426,374,3
367,362,3
618,761,5
567,804,5
665,860,5
660,812,5
625,832,5
655,821,5
596,786,5
591,834,5
596,815,5
555,815,5
658,804,5
597,846,5
581,788,5
586,850,5
642,812,5
601,811,5
657,825,5
617,830,5
663,850,5
586,802,5
589,1195,5
668,1174,5
706,1175,5
685,1189,5
612,1210,5
700,1204,5
626,1126,5
655,1163,5
615,1230,5
643,1126,5
545,1208,2
549,1109,2
492,1226,2
534,1177,2
530,1162,2
504,1164,2
529,1183,2
459,1289,2
444,1240,2
405,1263,2
600,1378,5
638,1386,5
648,1332,5
621,1381,5
576,1361,5
583,1343,5
597,1391,5
638,1389,5
600,1410,5
588,1402,5
352,1521,5
387,1490,5
413,1467,5
388,1470,5
383,1448,5
372,1476,5
434,1467,5
395,1445,5
439,1435,5
407,1489,5
903,210,3
870,281,3
886,255,3
872,316,3
899,282,3
851,260,3
908,255,3
944,286,3
894,198,3
899,279,3
768,105,5
837,88,5
897,83,5
774,48,5
842,33,5
755,93,5
696,4,5
690,21,5
736,35,5
886,75,5
983,572,3
942,467,3
1016,535,3
994,523,3
948,491,3
1008,562,3
983,554,3
911,522,3
896,545,3
999,548,3
1124,445,3
1119,504,3
1071,464,3
1111,426,3
1132,483,3
1057,452,3
1143,393,3
1106,498,3
1068,460,3
1164,466,3
1050,739,3
1086,817,3
1083,758,3
1039,774,3
1065,743,3
1037,770,3
1119,789,3
1119,736,3
1089,709,3
1025,769,3
794,687,5
829,690,5
798,708,5
904,795,5
828,707,5
757,674,5
856,686,5
803,748,5
764,636,5
780,681,5
800,1080,5
849,1078,5
866,1122,5
849,1068,5
739,1035,5
815,1005,5
818,1091,5
811,1134,5
892,1062,5
832,1076,5
1076,1188,5
1094,1172,5
1177,1100,5
1111,1196,5
1235,1204,5
1313,1140,5
1125,1219,5
1179,1140,5
1116,1243,5
1199,1212,5
1040,1323,5
997,1244,5
1032,1247,5
991,1249,5
1024,1232,5
1042,1276,5
1065,1282,5
1074,1254,5
1031,1357,5
1038,1395,5
1072,1306,5
1012,1309,5
1048,1287,5
1036,1252,5
1002,1305,5
1026,1368,5
1012,1309,5
1045,1313,5
1056,1323,5
970,1379,5
1262,209,2
1248,212,2
1254,224,2
1218,241,2
1412,124,2
1425,175,2
1343,107,2
1216,224,2
1382,208,2
1240,203,2
1379,73,5
1474,120,5
1440,108,5
1403,14,5
1401,23,5
1474,106,5
1383,61,5
1406,17,5
1429,58,5
1387,75,5
1249,311,3
1159,326,3
1276,322,3
1200,325,3
1284,343,3
1171,368,3
1192,358,3
1197,311,3
1221,368,3
1243,358,3
1489,383,3
1423,426,3
1386,373,3
1448,308,3
1459,354,3
1375,346,3
1480,337,3
1458,375,3
1487,331,3
1442,375,3
1376,761,2
1397,737,2
1331,643,2
1368,683,2
1316,674,2
1389,753,2
1347,666,2
1329,645,2
1321,712,2
1292,670,2
1494,791,3
1474,774,3
1604,829,3
1566,836,3
1538,837,3
1493,755,3
1579,794,3
1544,809,3
1574,796,3
1585,800,3
1522,921,3
1646,914,3
1600,906,3
1689,883,3
1636,846,3
1601,937,3
1591,927,3
1502,920,3
1555,899,3
1621,903,3
1500,899,3
1529,988,3
1486,884,3
1510,859,3
1472,992,3
1527,985,3
1556,943,3
1471,945,3
1492,1010,3
1481,958,3
1330,1220,5
1349,1198,5
1356,1244,5
1345,1216,5
1354,1214,5
1304,1196,5
1371,1198,5
1312,1329,5
1319,1316,5
1331,1311,5
1504,1468,5
1530,1501,5
1528,1438,5
1644,1392,5
1545,1397,5
1545,1475,5
1508,1479,5
1585,1384,5
1516,1481,5
1512,1486,5
1801,185,3
1777,256,3
1752,130,3
1871,157,3
1831,213,3
1823,173,3
1845,142,3
1759,170,3
1781,157,3
1842,143,3
1814,47,3
1777,15,3
1800,96,3
1828,71,3
1812,109,3
1790,21,3
1806,15,3
1783,78,3
1799,44,3
1776,25,3
1946,376,3
2042,322,3
1969,328,3
1941,365,3
1976,252,3
2044,291,3
1953,338,3
2029,387,3
1985,260,3
2011,393,3
1748,535,5
1760,610,5
1755,681,5
1744,593,5
1735,599,5
1763,576,5
1759,622,5
1729,547,5
1749,609,5
1818,653,5
1545,851,2
1497,963,2
1594,883,2
1535,886,2
1589,878,2
1635,861,2
1542,898,2
1560,936,2
1576,850,2
1581,854,2
1539,741,2
1679,685,2
1709,682,2
1566,716,2
1578,737,2
1656,723,2
1660,688,2
1672,700,2
1604,696,2
1676,633,2
1922,1216,2
1930,1195,2
1923,1211,2
1878,1169,2
1882,1243,2
1923,1172,2
1918,1210,2
1840,1231,2
1955,1200,2
1916,1164,2
1717,1102,5
1674,1126,5
1761,1160,5
1715,1034,5
1725,1112,5
1735,1079,5
1781,1138,5
1761,1143,5
1737,1143,5
1687,1139,5
2018,1322,3
1961,1250,3
1992,1359,3
2033,1337,3
1926,1256,3
2031,1382,3
1947,1252,3
1986,1286,3
2021,1300,3
1996,1314,3
1831,1434,3
1959,1324,3
1894,1343,3
1902,1388,3
1853,1361,3
1930,1312,3
1849,1340,3
1884,1364,3
1817,1360,3
1819,1378,3
