201208172_T-13-14-19_Dive_01_053.jpg
x,y,label
235,64,3
132,288,3
391,559,3
222,460,3
363,636,3
79,886,3
51,1084,4
383,1202,3
214,1431,4
108,1345,3
577,54,3
526,269,3
727,527,3
581,425,2
611,818,3
712,649,4
538,1190,5
753,1211,3
818,1360,3
817,1416,3
1148,280,3
822,39,3
980,490,4
934,324,3
870,742,4
821,829,4
1066,1104,3
852,1166,3
885,1237,3
912,1504,3
1402,162,3
1352,25,3
1435,436,3
1550,405,3
1444,711,3
1299,629,3
1315,942,5
1609,1117,3
1562,1274,3
1602,1389,3
1795,56,3
1686,186,1
1997,419,4
2008,393,4
1873,792,2
1952,779,2
1946,974,2
1867,1177,2
1902,1482,2
2034,1348,3
212,36,3
216,17,3
199,7,3
211,46,3
194,12,3
280,26,3
186,29,3
241,14,3
224,2,3
240,38,3
193,274,3
176,317,3
66,310,3
77,330,3
175,290,3
143,228,3
149,306,3
69,308,3
174,317,3
171,310,3
334,461,3
414,493,3
408,441,3
379,489,3
340,475,3
366,549,3
381,459,3
414,516,3
415,479,3
381,473,3
299,419,3
264,398,3
174,404,3
197,485,3
169,450,3
273,428,3
192,446,3
216,489,3
207,474,3
224,441,3
385,644,3
388,599,3
412,591,3
344,582,3
374,615,3
455,639,3
383,609,3
467,621,3
387,616,3
446,648,3
88,914,3
124,900,3
102,900,3
140,917,3
156,910,3
43,861,3
120,923,3
94,927,3
73,870,3
149,907,3
51,1081,4
86,1133,4
71,1035,4
57,1055,4
39,1029,4
68,1013,4
10,1017,4
47,1036,4
48,1091,4
32,1130,4
354,1324,3
406,1239,3
418,1273,3
432,1256,3
427,1233,3
364,1307,3
337,1284,3
375,1261,3
388,1201,3
389,1207,3
316,1413,4
267,1369,4
158,1331,4
222,1330,4
334,1454,4
301,1424,4
209,1390,4
291,1394,4
211,1346,4
199,1429,4
40,1360,3
105,1401,3
46,1367,3
94,1397,3
47,1363,3
98,1406,3
56,1403,3
44,1350,3
105,1344,3
98,1377,3
534,27,3
541,70,3
582,101,3
545,99,3
583,15,3
532,59,3
590,18,3
553,105,3
506,51,3
642,54,3
570,238,3
577,255,3
590,259,3
565,262,3
505,211,3
512,217,3
510,223,3
602,229,3
485,218,3
576,246,3
735,541,3
735,495,3
701,559,3
725,557,3
757,514,3
710,542,3
722,577,3
701,540,3
708,536,3
740,484,3
635,409,2
489,388,2
517,418,2
637,378,2
597,387,2
487,388,2
589,387,2
560,420,2
556,470,2
534,434,2
621,745,3
625,800,3
643,850,3
653,798,3
624,755,3
621,759,3
617,825,3
629,778,3
633,771,3
636,815,3
768,598,4
690,630,4
726,589,4
793,624,4
784,673,4
739,630,4
764,643,4
792,616,4
725,640,4
714,595,4
504,1302,5
466,1193,5
550,1252,5
474,1277,5
475,1275,5
458,1265,5
501,1211,5
549,1274,5
522,1247,5
547,1202,5
767,1303,3
719,1245,3
834,1227,3
792,1261,3
817,1289,3
751,1213,3
755,1284,3
712,1263,3
755,1286,3
770,1293,3
828,1395,3
808,1341,3
812,1375,3
834,1414,3
829,1412,3
830,1404,3
819,1357,3
834,1440,3
777,1402,3
860,1357,3
803,1411,3
799,1357,3
768,1387,3
785,1364,3
866,1354,3
859,1417,3
832,1320,3
909,1375,3
869,1392,3
782,1407,3
1154,315,3
1127,272,3
1228,337,3
1163,354,3
1203,348,3
1316,319,3
1135,284,3
1201,320,3
1179,319,3
1228,361,3
807,50,3
764,23,3
838,62,3
817,25,3
774,40,3
846,78,3
738,15,3
744,48,3
766,16,3
761,28,3
934,615,4
989,538,4
1016,565,4
924,555,4
973,589,4
974,545,4
920,586,4
981,504,4
910,579,4
980,480,4
974,233,3
1003,313,3
1007,258,3
913,277,3
931,334,3
913,356,3
949,293,3
945,311,3
1000,257,3
958,274,3
904,819,4
867,743,4
899,826,4
857,768,4
847,780,4
933,747,4
874,803,4
913,729,4
937,731,4
891,754,4
873,870,4
862,868,4
876,867,4
845,819,4
876,870,4
844,816,4
843,852,4
884,836,4
832,858,4
823,815,4
1092,1025,3
1117,1076,3
1118,1074,3
1036,1126,3
1005,1064,3
1105,1062,3
1031,1002,3
1095,1012,3
1069,1081,3
1008,1059,3
886,1200,3
869,1142,3
856,1163,3
887,1096,3
863,1155,3
785,1107,3
796,1189,3
890,1178,3
814,1134,3
776,1108,3
897,1244,3
857,1263,3
876,1310,3
854,1323,3
856,1217,3
793,1288,3
865,1223,3
805,1299,3
917,1300,3
916,1236,3
907,1509,3
1005,1445,3
996,1436,3
968,1457,3
948,1467,3
949,1513,3
989,1426,3
901,1523,3
962,1441,3
952,1516,3
1303,156,3
1311,141,3
1415,133,3
1345,159,3
1347,163,3
1333,193,3
1377,146,3
1367,107,3
1387,124,3
1333,188,3
1270,42,3
1289,100,3
1395,20,3
1375,18,3
1300,96,3
1396,33,3
1277,52,3
1307,83,3
1321,28,3
1270,85,3
1437,423,3
1437,420,3
1431,458,3
1435,419,3
1432,493,3
1497,419,3
1490,450,3
1543,471,3
1620,492,3
1451,472,3
1541,339,3
1553,405,3
1632,442,3
1600,467,3
1611,443,3
1577,441,3
1617,374,3
1610,377,3
1648,408,3
1630,424,3
1460,701,3
1437,773,3
1386,706,3
1476,715,3
1374,686,3
1395,714,3
1405,718,3
1401,734,3
1439,682,3
1415,737,3
1200,666,3
1187,663,3
1258,615,3
1248,606,3
1199,613,3
1228,632,3
1276,615,3
1219,608,3
1253,622,3
1228,674,3
1263,891,5
1301,856,5
1282,880,5
1276,882,5
1307,935,5
1255,860,5
1324,862,5
1307,876,5
1231,948,5
1229,926,5
1525,1152,3
1634,1171,3
1609,1149,3
1561,1189,3
1561,1201,3
1548,1154,3
1518,1149,3
1591,1118,3
1539,1213,3
1549,1144,3
1612,1279,3
1523,1226,3
1597,1258,3
1582,1252,3
1537,1264,3
1527,1241,3
1525,1245,3
1584,1255,3
1560,1231,3
1558,1247,3
1593,1352,3
1550,1380,3
1646,1348,3
1553,1391,3
1599,1322,3
1542,1316,3
1545,1402,3
1578,1332,3
1643,1324,3
1571,1317,3
1714,9,3
1794,59,3
1750,75,3
1728,77,3
1754,83,3
1784,13,3
1827,63,3
1785,6,3
1736,86,3
1804,44,3
1723,151,1
1710,146,1
1663,185,1
1677,220,1
1673,136,1
1716,102,1
1667,178,1
1737,183,1
1716,171,1
1658,185,1
2021,415,4
1953,467,4
2041,444,4
1987,484,4
2022,364,4
2038,352,4
1991,466,4
2025,401,4
2028,469,4
1983,433,4
2038,394,4
2009,437,4
2023,432,4
1982,430,4
2017,373,4
2004,463,4
1964,443,4
2017,435,4
2042,491,4
1995,425,4
1890,840,2
1898,775,2
1886,835,2
1907,751,2
1927,857,2
1917,752,2
1863,765,2
1911,817,2
1966,824,2
1838,780,2
1958,750,2
1991,727,2
2006,810,2
1986,753,2
1997,727,2
2028,759,2
1990,737,2
2002,737,2
1996,802,2
1964,719,2
1907,985,2
1887,998,2
1916,1035,2
1914,1013,2
1863,989,2
1914,1018,2
1918,1010,2
1910,1059,2
1918,985,2
1915,1079,2
2005,1279,2
1892,1152,2
1969,1246,2
1930,1224,2
1970,1171,2
1947,1120,2
1944,1177,2
1964,1135,2
2043,1263,2
1914,1123,2
1915,1449,2
1870,1475,2
1918,1492,2
1834,1443,2
1902,1471,2
1878,1494,2
1857,1431,2
1873,1504,2
1919,1484,2
1853,1422,2
2024,1290,3
1999,1363,3
2012,1351,3
1995,1284,3
2035,1366,3
1950,1291,3
1993,1379,3
1977,1308,3
1944,1327,3
1977,1418,3
