201208172_T-14-21-47_Dive_01_124.jpg
x,y,label
111,127,4
188,15,4
322,340,3
231,596,3
119,618,3
143,777,3
341,1212,4
186,1123,4
41,1442,4
333,1324,4
518,227,3
560,61,0
551,396,3
649,397,3
600,671,3
735,833,0
681,1216,4
556,1152,4
449,1516,4
425,1476,4
910,268,3
1010,87,3
1219,540,3
1002,603,3
1145,840,3
1194,803,2
858,945,0
1032,1060,3
922,1442,3
872,1276,4
1324,192,3
1374,191,3
1563,585,3
1611,436,3
1362,913,3
1367,755,3
1544,1103,4
1513,1145,4
1322,1387,4
1458,1336,4
1869,250,3
1778,11,3
1655,353,3
1807,542,3
2005,724,4
1639,834,2
1684,1080,4
2032,1212,3
2026,1462,3
1878,1503,4
143,128,4
230,190,4
200,178,4
155,137,4
232,149,4
151,203,4
198,129,4
121,163,4
170,204,4
169,123,4
281,119,4
199,58,4
178,93,4
239,34,4
221,94,4
221,100,4
241,18,4
263,58,4
172,109,4
262,111,4
369,404,3
341,386,3
325,380,3
380,314,3
419,387,3
374,409,3
353,311,3
365,324,3
352,315,3
359,381,3
296,540,3
252,552,3
276,608,3
292,611,3
243,584,3
321,454,3
268,532,3
251,498,3
315,551,3
228,498,3
170,546,3
198,578,3
198,617,3
184,640,3
183,588,3
232,546,3
143,689,3
98,559,3
225,605,3
168,554,3
295,762,3
140,828,3
103,831,3
159,784,3
163,821,3
212,769,3
273,724,3
203,721,3
189,822,3
99,834,3
355,1264,4
367,1290,4
310,1317,4
375,1221,4
345,1244,4
367,1306,4
304,1252,4
345,1253,4
318,1284,4
369,1205,4
195,1203,4
240,1104,4
182,1173,4
237,1041,4
237,1086,4
225,1172,4
188,1211,4
197,1177,4
222,1093,4
223,1190,4
71,1484,4
35,1495,4
126,1476,4
62,1486,4
36,1519,4
55,1517,4
91,1456,4
81,1464,4
37,1482,4
71,1529,4
373,1279,4
393,1314,4
334,1322,4
344,1198,4
331,1223,4
337,1325,4
367,1302,4
345,1246,4
411,1253,4
376,1281,4
554,325,3
521,276,3
548,257,3
554,274,3
501,318,3
565,257,3
602,290,3
540,361,3
563,303,3
559,317,3
518,80,0
544,24,0
484,117,0
520,42,0
550,42,0
512,79,0
483,19,0
497,83,0
477,48,0
606,23,0
606,389,3
585,343,3
579,413,3
561,408,3
548,416,3
640,339,3
566,393,3
591,432,3
654,383,3
555,395,3
741,400,3
642,446,3
749,419,3
747,422,3
656,482,3
691,449,3
729,423,3
729,368,3
724,446,3
664,398,3
742,648,3
556,614,3
695,641,3
636,653,3
597,645,3
649,652,3
656,661,3
577,627,3
772,626,3
653,572,3
745,803,0
781,851,0
826,814,0
720,849,0
816,808,0
812,842,0
800,842,0
757,847,0
844,850,0
769,865,0
718,1249,4
640,1199,4
720,1244,4
670,1182,4
705,1213,4
704,1188,4
628,1234,4
669,1200,4
642,1196,4
742,1225,4
598,1119,4
624,1188,4
547,1166,4
543,1159,4
548,1178,4
594,1098,4
600,1202,4
556,1173,4
596,1094,4
583,1115,4
470,1390,4
470,1524,4
516,1497,4
479,1515,4
450,1460,4
484,1396,4
447,1458,4
480,1517,4
466,1475,4
445,1454,4
481,1459,4
479,1503,4
482,1494,4
509,1413,4
497,1474,4
509,1413,4
543,1436,4
492,1386,4
467,1469,4
509,1445,4
955,208,3
949,234,3
954,228,3
934,252,3
940,160,3
967,249,3
935,103,3
1000,272,3
990,178,3
990,170,3
1089,116,3
980,45,3
1100,175,3
1050,35,3
1122,178,3
1103,65,3
1094,18,3
1032,132,3
1068,155,3
1112,43,3
1228,477,3
1233,507,3
1220,529,3
1261,514,3
1217,473,3
1250,512,3
1206,451,3
1209,450,3
1213,484,3
1203,450,3
1048,597,3
948,611,3
1005,586,3
957,634,3
1000,532,3
1013,648,3
929,622,3
964,659,3
962,656,3
992,632,3
1185,772,3
1213,773,3
1132,823,3
1204,831,3
1170,769,3
1268,780,3
1154,811,3
1153,772,3
1268,774,3
1125,745,3
1199,793,2
1180,766,2
1187,817,2
1105,827,2
1101,794,2
1104,879,2
1215,817,2
1158,821,2
1172,780,2
1113,770,2
848,883,0
863,995,0
814,983,0
808,937,0
761,927,0
755,898,0
840,899,0
758,888,0
840,970,0
852,953,0
988,1082,3
1060,1104,3
1070,1125,3
1038,1025,3
991,1090,3
1018,1072,3
1057,1127,3
999,1062,3
1104,1059,3
1083,1057,3
904,1412,3
856,1452,3
900,1458,3
827,1416,3
898,1435,3
856,1459,3
873,1406,3
887,1404,3
940,1375,3
837,1379,3
875,1231,4
869,1174,4
865,1274,4
868,1284,4
806,1223,4
906,1226,4
891,1237,4
837,1202,4
898,1201,4
811,1218,4
1310,157,3
1303,149,3
1284,127,3
1283,222,3
1247,185,3
1241,144,3
1244,155,3
1269,278,3
1293,277,3
1303,210,3
1319,86,3
1346,102,3
1321,93,3
1435,132,3
1439,85,3
1418,132,3
1389,66,3
1366,195,3
1433,158,3
1347,170,3
1567,601,3
1584,599,3
1589,601,3
1623,601,3
1569,577,3
1564,595,3
1595,583,3
1615,625,3
1594,571,3
1581,590,3
1580,469,3
1616,445,3
1588,359,3
1602,371,3
1613,398,3
1588,335,3
1591,438,3
1653,411,3
1614,437,3
1603,371,3
1359,931,3
1300,933,3
1314,936,3
1376,892,3
1370,918,3
1298,904,3
1362,932,3
1335,961,3
1368,888,3
1357,947,3
1367,801,3
1305,771,3
1403,789,3
1377,817,3
1303,798,3
1343,772,3
1326,803,3
1380,800,3
1401,773,3
1381,841,3
1609,1152,4
1575,1098,4
1619,1141,4
1577,1120,4
1554,1073,4
1542,1149,4
1523,1078,4
1588,1065,4
1588,1110,4
1512,1104,4
1437,1159,4
1494,1160,4
1468,1188,4
1486,1186,4
1453,1113,4
1448,1149,4
1442,1138,4
1499,1151,4
1474,1166,4
1486,1116,4
1387,1401,4
1401,1476,4
1362,1422,4
1369,1422,4
1421,1479,4
1416,1403,4
1407,1438,4
1388,1403,4
1441,1476,4
1345,1401,4
1401,1383,4
1421,1327,4
1360,1348,4
1452,1426,4
1439,1387,4
1494,1388,4
1419,1412,4
1429,1320,4
1508,1334,4
1459,1310,4
1973,233,3
1969,280,3
1890,264,3
1975,170,3
1947,314,3
1901,257,3
1958,196,3
1985,260,3
1938,290,3
1972,273,3
1779,33,3
1768,17,3
1781,66,3
1756,12,3
1776,30,3
1787,100,3
1788,103,3
1743,85,3
1810,67,3
1756,47,3
1736,328,3
1736,331,3
1750,345,3
1766,391,3
1736,398,3
1728,435,3
1731,365,3
1626,321,3
1810,398,3
1712,278,3
1788,589,3
1813,602,3
1827,608,3
1806,615,3
1797,558,3
1800,655,3
1804,584,3
1845,594,3
1817,641,3
1830,651,3
1954,629,4
1967,625,4
1970,707,4
1948,685,4
1997,713,4
2025,706,4
2035,693,4
2026,743,4
2027,711,4
2015,665,4
1729,791,2
1609,786,2
1701,844,2
1643,839,2
1613,782,2
1713,799,2
1614,841,2
1698,787,2
1620,806,2
1642,822,2
1646,1114,4
1716,1091,4
1639,1137,4
1692,1083,4
1652,1107,4
1641,1045,4
1739,1079,4
1644,1053,4
1636,1125,4
1728,1074,4
2034,1212,3
1990,1314,3
1944,1242,3
1997,1205,3
1971,1262,3
1999,1266,3
2024,1251,3
2021,1312,3
1965,1228,3
2032,1299,3
2047,1522,3
1969,1455,3
1999,1468,3
1956,1519,3
2018,1445,3
1989,1523,3
2021,1463,3
1977,1475,3
2031,1530,3
2012,1472,3
1849,1486,4
1860,1465,4
1814,1514,4
1875,1437,4
1850,1428,4
1828,1472,4
1858,1434,4
1931,1518,4
1908,1524,4
1905,1514,4
