201208172_T-12-46-15_Dive_01_017.jpg
x,y,label
364,1019,3
478,244,3
1425,621,5
1020,205,3
2008,304,3
1430,1395,3
853,1261,2
1857,175,3
17,565,3
1810,1383,3
1384,854,3
411,587,3
1941,320,3
1853,700,2
670,1456,3
627,376,3
1429,1036,3
798,1423,4
734,1219,2
845,287,3
1455,225,2
1804,933,3
1235,394,2
898,269,3
606,912,3
1897,597,3
216,916,5
525,1211,3
1359,1399,3
596,1203,3
1473,814,3
445,572,3
679,1327,3
1662,593,2
1330,1196,3
411,1241,3
1370,1474,3
1630,779,2
1151,643,2
687,1422,3
1264,1274,3
1884,1048,3
528,712,3
1742,1211,3
829,817,3
936,317,3
1654,1294,5
1542,435,3
1107,1277,3
1045,323,3
447,976,3
403,997,3
457,1046,3
416,974,3
387,1045,3
362,1009,3
425,978,3
437,957,3
447,1030,3
482,1048,3
472,200,3
410,234,3
524,212,3
462,230,3
577,244,3
626,307,3
498,212,3
478,237,3
554,253,3
426,213,3
1404,589,5
1345,546,5
1379,516,5
1381,581,5
1305,604,5
1419,628,5
1294,558,5
1317,588,5
1384,526,5
1349,549,5
996,220,3
974,229,3
975,166,3
943,185,3
980,263,3
951,207,3
999,128,3
994,212,3
1019,177,3
946,218,3
2030,318,3
1961,268,3
1939,281,3
1977,235,3
1962,264,3
2042,277,3
1955,215,3
2020,273,3
1944,208,3
1949,212,3
1509,1429,3
1527,1355,3
1538,1405,3
1525,1382,3
1535,1371,3
1546,1407,3
1484,1431,3
1520,1388,3
1467,1434,3
1452,1413,3
772,1257,2
849,1213,2
847,1222,2
783,1257,2
832,1192,2
868,1291,2
839,1189,2
825,1187,2
890,1191,2
800,1236,2
1769,173,3
1754,180,3
1777,164,3
1803,120,3
1853,137,3
1775,165,3
1847,205,3
1870,190,3
1852,100,3
1748,177,3
19,556,3
139,530,3
116,477,3
89,565,3
18,553,3
43,522,3
124,563,3
31,592,3
9,586,3
132,569,3
1786,1327,3
1826,1238,3
1751,1307,3
1749,1296,3
1755,1335,3
1739,1260,3
1814,1305,3
1849,1294,3
1824,1385,3
1732,1344,3
1418,802,3
1375,921,3
1345,873,3
1394,834,3
1369,822,3
1363,870,3
1375,849,3
1377,937,3
1389,809,3
1375,865,3
378,558,3
427,574,3
412,587,3
370,544,3
358,584,3
382,609,3
471,548,3
449,591,3
454,603,3
343,601,3
2025,338,3
1942,425,3
1954,288,3
2042,344,3
2011,355,3
1982,421,3
1908,357,3
1982,400,3
2010,322,3
1907,400,3
1839,767,2
1821,698,2
1821,645,2
1825,672,2
1803,775,2
1866,650,2
1893,606,2
1880,646,2
1894,677,2
1886,619,2
650,1455,3
682,1449,3
667,1398,3
641,1430,3
664,1456,3
673,1457,3
650,1419,3
693,1499,3
690,1411,3
602,1400,3
484,342,3
483,345,3
590,331,3
621,387,3
599,326,3
602,335,3
638,309,3
516,337,3
489,309,3
503,342,3
1465,1120,3
1498,1093,3
1496,1110,3
1488,1089,3
1475,1010,3
1487,1055,3
1521,1094,3
1415,1076,3
1522,1059,3
1462,1131,3
786,1520,4
793,1502,4
760,1513,4
853,1512,4
719,1534,4
701,1492,4
687,1520,4
767,1439,4
739,1524,4
792,1468,4
804,1175,2
739,1135,2
784,1166,2
703,1123,2
735,1218,2
721,1162,2
715,1229,2
809,1195,2
860,1170,2
804,1215,2
853,280,3
871,228,3
818,244,3
831,254,3
894,229,3
884,279,3
879,327,3
849,217,3
890,348,3
930,277,3
1499,257,2
1433,301,2
1398,220,2
1416,291,2
1480,291,2
1384,215,2
1462,333,2
1454,269,2
1436,259,2
1487,349,2
1766,962,3
1795,911,3
1808,988,3
1796,959,3
1745,947,3
1802,960,3
1795,998,3
1747,1009,3
1819,943,3
1769,981,3
1324,425,2
1362,329,2
1370,321,2
1311,353,2
1309,382,2
1280,421,2
1297,394,2
1201,412,2
1320,313,2
1260,404,2
888,336,3
839,258,3
820,221,3
927,296,3
941,302,3
854,316,3
872,260,3
902,333,3
908,245,3
884,350,3
656,858,3
723,854,3
699,858,3
622,944,3
643,855,3
687,842,3
676,873,3
698,877,3
617,869,3
706,878,3
1922,498,3
1936,509,3
1875,537,3
1786,527,3
1884,593,3
1896,613,3
1782,550,3
1780,556,3
1835,544,3
1780,556,3
212,965,5
298,931,5
231,920,5
186,945,5
254,936,5
226,944,5
295,935,5
208,919,5
186,896,5
257,963,5
578,1280,3
607,1212,3
461,1283,3
572,1426,3
565,1228,3
527,1272,3
540,1295,3
498,1286,3
507,1260,3
574,1218,3
1357,1333,3
1420,1363,3
1339,1391,3
1383,1354,3
1362,1352,3
1417,1303,3
1417,1292,3
1416,1376,3
1411,1326,3
1332,1345,3
579,1241,3
586,1234,3
578,1225,3
594,1226,3
507,1347,3
566,1247,3
518,1274,3
576,1245,3
560,1280,3
564,1296,3
1550,811,3
1455,822,3
1452,849,3
1543,838,3
1521,793,3
1497,803,3
1454,880,3
1430,856,3
1577,801,3
1494,864,3
449,543,3
327,604,3
433,631,3
416,546,3
432,573,3
452,605,3
426,625,3
371,529,3
425,524,3
426,522,3
711,1332,3
616,1297,3
618,1296,3
677,1409,3
733,1287,3
623,1344,3
738,1347,3
708,1389,3
695,1307,3
731,1316,3
1651,583,2
1646,551,2
1705,622,2
1689,667,2
1717,627,2
1637,539,2
1684,551,2
1605,610,2
1694,561,2
1653,556,2
1311,1190,3
1289,1155,3
1346,1221,3
1309,1175,3
1277,1137,3
1323,1235,3
1342,1214,3
1263,1152,3
1296,1190,3
1313,1203,3
372,1255,3
357,1227,3
351,1242,3
368,1244,3
397,1186,3
465,1276,3
464,1268,3
405,1246,3
408,1210,3
418,1237,3
1517,1527,3
1423,1490,3
1416,1451,3
1505,1506,3
1502,1465,3
1454,1462,3
1519,1493,3
1476,1494,3
1445,1532,3
1471,1469,3
1619,885,2
1596,813,2
1642,872,2
1591,905,2
1608,913,2
1574,868,2
1585,851,2
1573,861,2
1618,861,2
1615,930,2
1113,661,2
1051,682,2
1146,635,2
1028,662,2
1171,687,2
1034,648,2
1088,686,2
1175,738,2
1065,690,2
1142,651,2
699,1456,3
649,1418,3
602,1441,3
615,1403,3
604,1414,3
622,1409,3
671,1459,3
646,1462,3
690,1434,3
654,1423,3
1326,1242,3
1281,1309,3
1319,1243,3
1235,1252,3
1316,1273,3
1242,1290,3
1207,1272,3
1267,1255,3
1311,1271,3
1297,1282,3
1866,1055,3
1962,1025,3
1896,927,3
1849,943,3
1921,972,3
1882,936,3
1885,954,3
1904,1048,3
1866,955,3
1858,985,3
479,661,3
440,712,3
508,671,3
432,643,3
503,582,3
420,681,3
448,682,3
486,682,3
475,693,3
475,596,3
1785,1193,3
1747,1143,3
1755,1203,3
1825,1190,3
1790,1221,3
1821,1213,3
1798,1171,3
1818,1174,3
1766,1138,3
1705,1185,3
819,822,3
960,775,3
852,829,3
867,816,3
871,836,3
878,814,3
808,785,3
855,827,3
907,843,3
830,793,3
894,236,3
828,230,3
901,283,3
906,233,3
898,298,3
933,268,3
884,357,3
918,246,3
880,250,3
795,246,3
1694,1284,5
1654,1264,5
1665,1307,5
1680,1324,5
1664,1220,5
1653,1320,5
1693,1279,5
1649,1236,5
1682,1328,5
1678,1320,5
1598,268,3
1544,172,3
1579,397,3
1586,220,3
1562,290,3
1516,396,3
1577,223,3
1479,433,3
1596,255,3
1519,367,3
1186,1299,3
1141,1322,3
1098,1286,3
1177,1342,3
1155,1319,3
1099,1285,3
1108,1270,3
1132,1292,3
1218,1331,3
1102,1295,3
1050,333,3
1065,378,3
1054,271,3
1075,280,3
1038,256,3
1050,323,3
1074,309,3
1032,309,3
1085,252,3
1051,242,3
