201208172_T-12-52-57_Dive_01_030.jpg
x,y,label
1783,604,5
70,1378,3
924,239,4
1674,402,4
620,323,4
1461,548,4
434,382,4
897,574,4
158,329,4
989,19,4
817,702,4
1910,965,3
1917,1033,3
283,1098,3
245,932,3
1106,1197,4
166,735,4
1246,412,4
1725,711,3
361,387,4
1915,820,3
1971,1024,3
873,1092,4
393,242,4
611,1219,3
1122,1233,4
142,631,4
1175,329,4
170,129,4
1992,224,4
269,1330,3
1378,843,2
1273,78,4
1145,1394,4
1099,1398,4
1383,1121,4
280,391,4
956,1304,4
814,221,4
783,384,4
583,169,4
875,29,4
1581,1061,3
1447,1497,3
795,166,4
828,473,4
1240,1083,4
683,424,4
1442,93,4
1200,139,4
1860,601,5
1768,566,5
1749,560,5
1745,542,5
1813,539,5
1773,597,5
1733,550,5
1833,561,5
1730,604,5
1778,541,5
24,1401,3
119,1347,3
28,1319,3
76,1392,3
76,1380,3
78,1366,3
38,1414,3
191,1386,3
131,1399,3
165,1452,3
962,198,4
946,198,4
961,226,4
1034,229,4
985,250,4
1002,292,4
1008,256,4
979,224,4
984,276,4
936,234,4
1597,417,4
1660,377,4
1606,414,4
1678,459,4
1649,483,4
1649,430,4
1650,431,4
1603,429,4
1674,436,4
1691,446,4
671,327,4
652,324,4
653,405,4
672,401,4
637,335,4
668,317,4
612,340,4
708,335,4
622,370,4
691,319,4
1443,530,4
1434,473,4
1432,444,4
1538,524,4
1526,499,4
1539,505,4
1444,500,4
1524,521,4
1548,530,4
1459,496,4
435,459,4
476,472,4
445,443,4
440,477,4
444,491,4
436,448,4
386,484,4
420,444,4
395,469,4
412,432,4
805,589,4
893,566,4
905,527,4
807,499,4
885,605,4
863,575,4
844,680,4
868,523,4
839,554,4
905,599,4
139,318,4
151,373,4
127,294,4
212,335,4
158,390,4
177,306,4
205,317,4
202,337,4
165,357,4
173,279,4
985,110,4
998,76,4
942,98,4
982,62,4
1033,19,4
955,108,4
980,99,4
1010,2,4
963,50,4
1012,101,4
762,635,4
805,711,4
842,623,4
786,595,4
792,685,4
794,631,4
833,625,4
791,652,4
705,679,4
790,596,4
1937,892,3
1898,932,3
1873,950,3
1890,967,3
1896,976,3
1932,918,3
1935,912,3
1912,958,3
1932,953,3
1931,993,3
1858,1094,3
1840,1079,3
1833,1041,3
1880,1088,3
1856,1061,3
1884,1109,3
1835,1084,3
1822,1074,3
1833,1013,3
1860,1050,3
271,1053,3
224,1180,3
299,1121,3
251,1071,3
198,1062,3
280,1033,3
303,1048,3
315,1115,3
192,1110,3
276,1096,3
208,969,3
201,1003,3
169,979,3
145,1002,3
185,933,3
292,1002,3
219,991,3
141,1038,3
340,1014,3
172,1041,3
1137,1184,4
1154,1210,4
1163,1142,4
1148,1191,4
1172,1198,4
1126,1131,4
1190,1186,4
1143,1220,4
1193,1186,4
1121,1166,4
95,741,4
142,764,4
194,721,4
224,637,4
108,713,4
213,641,4
185,677,4
267,660,4
245,647,4
173,722,4
1246,434,4
1293,407,4
1235,416,4
1248,411,4
1287,475,4
1225,512,4
1310,425,4
1207,445,4
1253,513,4
1280,485,4
1689,700,3
1748,710,3
1684,687,3
1661,601,3
1717,643,3
1680,609,3
1750,640,3
1678,677,3
1743,632,3
1676,673,3
299,380,4
311,366,4
253,351,4
414,349,4
246,369,4
257,402,4
376,381,4
279,305,4
421,364,4
341,364,4
1857,787,3
1881,738,3
1915,727,3
1847,747,3
1850,755,3
1889,742,3
1907,758,3
1852,761,3
1924,700,3
1907,717,3
2024,1082,3
2016,1045,3
1996,1041,3
1959,1062,3
2029,1039,3
1949,1081,3
1929,1089,3
1956,1022,3
1984,1005,3
1950,1023,3
854,1104,4
814,1032,4
811,1065,4
871,1074,4
890,1025,4
804,1067,4
800,1076,4
869,1107,4
808,1007,4
837,1025,4
340,229,4
320,210,4
343,249,4
440,236,4
319,262,4
413,196,4
318,232,4
397,202,4
392,206,4
360,278,4
567,1254,3
654,1084,3
591,1223,3
701,1122,3
646,1144,3
710,1085,3
597,1264,3
682,1105,3
595,1166,3
569,1232,3
1221,1233,4
1227,1284,4
1154,1276,4
1188,1285,4
1122,1228,4
1135,1320,4
1213,1267,4
1126,1237,4
1189,1324,4
1134,1257,4
62,577,4
99,518,4
119,576,4
78,555,4
123,577,4
93,511,4
162,579,4
62,539,4
128,612,4
141,546,4
1132,335,4
1100,336,4
1121,386,4
1151,337,4
1234,363,4
1160,403,4
1154,304,4
1144,371,4
1151,322,4
1090,413,4
218,75,4
57,51,4
119,89,4
158,70,4
161,79,4
177,70,4
82,59,4
151,76,4
128,14,4
144,117,4
1994,297,4
2005,216,4
2021,302,4
1973,281,4
1994,306,4
2003,297,4
2003,292,4
2003,269,4
1998,256,4
2007,260,4
292,1288,3
289,1309,3
262,1453,3
316,1349,3
329,1350,3
338,1350,3
290,1313,3
272,1347,3
299,1321,3
275,1323,3
1420,871,2
1391,803,2
1388,901,2
1393,838,2
1401,823,2
1399,870,2
1365,840,2
1418,879,2
1423,915,2
1398,844,2
1285,143,4
1186,87,4
1270,166,4
1193,83,4
1260,184,4
1316,127,4
1221,93,4
1280,104,4
1265,109,4
1268,122,4
1223,1391,4
1245,1405,4
1280,1383,4
1311,1389,4
1304,1353,4
1167,1412,4
1152,1355,4
1235,1470,4
1202,1348,4
1207,1402,4
1129,1371,4
1098,1381,4
1053,1364,4
1060,1402,4
1049,1417,4
1094,1447,4
1089,1380,4
1125,1368,4
1103,1389,4
1124,1402,4
1340,1224,4
1369,1188,4
1321,1141,4
1396,1159,4
1359,1185,4
1328,1131,4
1338,1132,4
1340,1235,4
1402,1158,4
1385,1204,4
366,354,4
288,403,4
419,357,4
231,405,4
295,407,4
294,393,4
253,310,4
206,395,4
270,372,4
262,291,4
949,1313,4
950,1269,4
1030,1245,4
998,1231,4
982,1309,4
919,1263,4
949,1290,4
981,1200,4
986,1197,4
983,1231,4
794,184,4
781,196,4
765,196,4
742,131,4
743,132,4
801,125,4
781,227,4
829,155,4
809,199,4
732,130,4
779,306,4
787,362,4
803,401,4
768,295,4
754,298,4
813,313,4
791,310,4
774,325,4
795,267,4
798,379,4
572,110,4
517,152,4
572,171,4
539,174,4
529,149,4
566,120,4
570,152,4
587,159,4
543,139,4
523,165,4
916,96,4
914,19,4
894,68,4
939,14,4
847,47,4
890,82,4
889,20,4
862,79,4
909,95,4
939,68,4
1531,1038,3
1620,1062,3
1634,1090,3
1619,1108,3
1656,1080,3
1525,1063,3
1545,1090,3
1526,1054,3
1547,1010,3
1560,1077,3
1417,1510,3
1420,1473,3
1468,1467,3
1456,1534,3
1455,1523,3
1452,1480,3
1379,1512,3
1495,1515,3
1434,1497,3
1539,1508,3
821,124,4
745,155,4
790,223,4
721,154,4
803,161,4
748,175,4
826,123,4
749,147,4
769,199,4
742,167,4
799,474,4
824,468,4
838,475,4
826,390,4
918,465,4
833,436,4
831,389,4
800,419,4
798,434,4
815,484,4
1261,1093,4
1317,1099,4
1307,1051,4
1247,1025,4
1264,1057,4
1321,1096,4
1225,1032,4
1259,1112,4
1271,1116,4
1263,1109,4
663,478,4
663,479,4
677,495,4
674,458,4
639,447,4
665,507,4
696,434,4
687,459,4
646,457,4
704,479,4
1433,160,4
1447,102,4
1536,118,4
1438,129,4
1506,96,4
1438,159,4
1457,173,4
1499,154,4
1491,174,4
1480,172,4
1141,160,4
1120,141,4
1152,159,4
1130,157,4
1191,182,4
1164,197,4
1191,173,4
1194,163,4
1123,155,4
1205,132,4
