201208172_T-12-47-27_Dive_01_019.jpg
x,y,label
538,310,4
648,780,2
623,225,4
1667,46,2
1987,515,2
177,356,4
995,918,4
564,887,2
1816,1174,2
785,1277,4
763,198,4
779,347,4
622,451,0
1959,1487,3
873,1107,4
693,610,0
335,1462,1
1120,292,4
355,104,4
1279,678,4
720,77,4
1119,1123,4
1640,82,2
13,285,3
118,1146,4
1370,972,4
1921,187,2
1076,1344,4
1127,1306,4
1944,121,2
1748,856,2
1478,994,4
1716,1358,4
760,580,4
780,467,4
562,1162,3
2012,97,3
1710,913,2
1927,577,2
1914,246,2
321,1206,4
1427,1370,4
1442,947,4
1556,1307,4
830,1372,4
1663,1432,4
1806,1032,2
1565,1439,4
1984,295,2
1517,241,4
595,351,4
534,315,4
519,302,4
497,360,4
608,363,4
513,341,4
499,319,4
545,300,4
506,320,4
552,367,4
620,837,2
618,702,2
581,688,2
638,760,2
626,750,2
641,845,2
646,748,2
625,828,2
622,736,2
653,871,2
658,161,4
681,297,4
656,242,4
716,258,4
693,272,4
654,249,4
627,149,4
658,268,4
654,216,4
686,253,4
1725,48,2
1665,23,2
1730,58,2
1710,8,2
1730,23,2
1722,21,2
1741,66,2
1712,66,2
1719,25,2
1713,25,2
1944,569,2
1942,592,2
1972,554,2
1959,563,2
2029,615,2
1955,484,2
1997,571,2
2011,526,2
1937,585,2
2024,608,2
215,437,4
218,351,4
157,329,4
139,385,4
165,378,4
187,389,4
192,362,4
160,382,4
215,443,4
152,395,4
1011,912,4
940,994,4
988,979,4
931,954,4
983,950,4
956,964,4
963,959,4
994,952,4
956,892,4
945,1011,4
562,841,2
574,897,2
567,864,2
481,942,2
555,795,2
534,897,2
596,834,2
569,907,2
530,871,2
516,926,2
1865,1203,2
1822,1154,2
1862,1174,2
1867,1157,2
1856,1167,2
1777,1189,2
1823,1205,2
1822,1183,2
1836,1187,2
1848,1212,2
807,1281,4
831,1328,4
769,1299,4
809,1296,4
858,1295,4
796,1253,4
812,1297,4
785,1305,4
860,1301,4
755,1299,4
761,155,4
751,109,4
727,183,4
765,163,4
756,164,4
767,142,4
725,169,4
766,194,4
782,202,4
767,143,4
777,317,4
756,321,4
771,345,4
709,285,4
802,324,4
733,237,4
739,297,4
762,301,4
699,304,4
817,274,4
636,453,0
612,394,0
634,428,0
650,536,0
655,535,0
630,525,0
618,433,0
714,472,0
602,501,0
609,500,0
2009,1456,3
2022,1496,3
1968,1496,3
2009,1495,3
1988,1480,3
1997,1470,3
1954,1456,3
2037,1432,3
2027,1477,3
2001,1462,3
881,1085,4
853,1094,4
894,1114,4
879,1131,4
871,1094,4
832,1208,4
816,1185,4
890,1159,4
874,1151,4
822,1154,4
720,539,0
745,584,0
679,638,0
746,576,0
716,593,0
701,676,0
716,533,0
696,628,0
743,610,0
732,649,0
333,1490,1
298,1469,1
408,1424,1
357,1431,1
304,1409,1
306,1409,1
326,1438,1
304,1484,1
375,1450,1
321,1424,1
1039,282,4
1066,226,4
1048,248,4
1060,306,4
1081,263,4
1105,223,4
1084,240,4
1064,324,4
1070,322,4
1022,315,4
431,37,4
424,45,4
402,137,4
386,43,4
383,111,4
421,74,4
443,52,4
395,134,4
398,10,4
385,70,4
1294,630,4
1366,643,4
1348,677,4
1258,654,4
1345,701,4
1346,674,4
1329,660,4
1302,656,4
1335,642,4
1338,611,4
699,116,4
675,0,4
690,0,4
732,56,4
678,40,4
674,1,4
695,77,4
681,107,4
658,31,4
676,96,4
1045,1172,4
1049,1162,4
1093,1182,4
1034,1179,4
1058,1191,4
1107,1135,4
1113,1124,4
1015,1209,4
1037,1204,4
1101,1157,4
1685,150,2
1681,178,2
1684,141,2
1668,157,2
1671,96,2
1684,113,2
1691,136,2
1620,78,2
1629,128,2
1712,196,2
22,303,3
51,206,3
51,262,3
0,193,3
34,330,3
20,323,3
99,306,3
59,258,3
66,264,3
52,205,3
114,1136,4
31,1170,4
38,1130,4
143,1138,4
43,1189,4
77,1183,4
103,1122,4
141,1105,4
158,1109,4
109,1142,4
1375,965,4
1371,959,4
1350,1037,4
1364,1059,4
1378,1012,4
1345,1043,4
1368,1044,4
1399,996,4
1409,972,4
1352,1036,4
1914,247,2
1899,276,2
1902,178,2
1925,244,2
1876,246,2
1938,251,2
1839,220,2
1819,210,2
1934,242,2
1851,243,2
1062,1373,4
1088,1365,4
1083,1370,4
1107,1388,4
1096,1367,4
1059,1393,4
1096,1358,4
1102,1339,4
1073,1362,4
1101,1375,4
1041,1231,4
1076,1312,4
1109,1247,4
1041,1221,4
1096,1310,4
1080,1274,4
1049,1282,4
1116,1271,4
1061,1288,4
1030,1276,4
1939,124,2
2019,157,2
1992,177,2
1949,186,2
2037,146,2
1958,121,2
1984,187,2
1991,208,2
1956,144,2
1961,148,2
1742,905,2
1714,910,2
1766,909,2
1759,857,2
1744,871,2
1795,850,2
1773,879,2
1793,919,2
1826,929,2
1813,941,2
1473,954,4
1493,990,4
1501,985,4
1444,937,4
1481,942,4
1459,935,4
1428,966,4
1484,911,4
1457,923,4
1514,923,4
1687,1347,4
1693,1334,4
1658,1368,4
1713,1420,4
1685,1411,4
1666,1354,4
1691,1435,4
1722,1388,4
1701,1394,4
1701,1357,4
767,561,4
737,530,4
803,563,4
737,522,4
785,483,4
787,487,4
739,542,4
751,544,4
768,556,4
792,536,4
793,449,4
755,442,4
714,490,4
816,434,4
721,435,4
776,478,4
827,435,4
821,448,4
748,444,4
763,420,4
497,1183,3
500,1206,3
527,1182,3
557,1156,3
504,1182,3
560,1217,3
541,1083,3
519,1224,3
506,1099,3
545,1204,3
2030,53,3
2030,30,3
2013,2,3
1975,97,3
1990,58,3
2036,25,3
1954,3,3
1981,79,3
1982,67,3
1992,95,3
1717,933,2
1713,938,2
1751,936,2
1747,991,2
1776,1020,2
1728,953,2
1742,972,2
1788,1011,2
1717,921,2
1763,959,2
1843,536,2
1894,514,2
1834,537,2
1898,562,2
1846,529,2
1842,556,2
1854,578,2
1902,567,2
1872,585,2
1931,594,2
1909,230,2
1868,211,2
1940,207,2
1916,175,2
1908,190,2
1919,267,2
1826,209,2
1868,196,2
1892,229,2
1872,201,2
364,1178,4
258,1157,4
327,1224,4
235,1184,4
270,1209,4
305,1195,4
340,1164,4
246,1248,4
236,1193,4
292,1232,4
1486,1419,4
1415,1407,4
1475,1359,4
1525,1358,4
1451,1393,4
1437,1421,4
1416,1421,4
1486,1354,4
1454,1433,4
1409,1347,4
1477,908,4
1463,1002,4
1448,982,4
1450,915,4
1434,970,4
1463,918,4
1460,989,4
1520,949,4
1415,937,4
1466,950,4
1615,1262,4
1538,1273,4
1605,1307,4
1562,1324,4
1587,1316,4
1586,1290,4
1617,1281,4
1551,1265,4
1592,1316,4
1532,1250,4
918,1351,4
875,1413,4
917,1399,4
926,1382,4
848,1402,4
912,1356,4
908,1377,4
899,1414,4
928,1341,4
827,1392,4
1589,1517,4
1620,1434,4
1646,1500,4
1610,1520,4
1591,1475,4
1593,1516,4
1584,1451,4
1608,1474,4
1624,1453,4
1575,1477,4
1819,1040,2
1766,1092,2
1733,1049,2
1754,1073,2
1817,1052,2
1755,1012,2
1798,1091,2
1739,1093,2
1802,1012,2
1767,1108,2
1502,1427,4
1471,1531,4
1517,1533,4
1482,1500,4
1529,1489,4
1483,1428,4
1535,1497,4
1567,1443,4
1525,1525,4
1569,1459,4
1999,282,2
2017,278,2
1959,291,2
2035,232,2
1988,245,2
2020,208,2
1956,276,2
1973,246,2
2028,284,2
2025,207,2
1516,227,4
1494,245,4
1477,296,4
1465,249,4
1526,224,4
1468,298,4
1517,244,4
1444,286,4
1466,242,4
1478,314,4
