201208172_T-12-57-23_Dive_01_038.jpg
x,y,label
1178,448,4
547,166,2
1767,1191,4
1383,565,4
146,656,4
714,149,4
629,1051,3
1045,777,3
856,482,4
1900,96,2
928,621,4
543,1247,2
1264,1147,3
699,786,3
299,1154,4
1628,1237,4
581,447,4
333,1196,4
1822,1472,4
453,755,3
153,886,4
1391,869,4
927,697,3
1807,635,4
953,643,4
908,1525,3
1039,1195,3
1683,764,4
156,1517,3
949,600,4
261,1262,4
666,960,3
1283,27,4
322,17,4
410,73,4
1482,1071,4
347,286,4
795,1439,3
1840,29,4
986,1295,3
1623,447,4
1225,751,3
1292,983,3
77,1493,2
1189,1315,3
1139,755,3
1686,1136,4
1477,1503,4
1482,1406,4
1318,1140,3
1162,355,4
1233,366,4
1261,363,4
1242,359,4
1233,409,4
1222,395,4
1189,437,4
1228,426,4
1198,365,4
1214,437,4
549,164,2
619,155,2
538,148,2
565,141,2
581,118,2
605,104,2
603,112,2
583,87,2
546,187,2
654,98,2
1791,1176,4
1767,1127,4
1741,1186,4
1824,1131,4
1777,1166,4
1835,1161,4
1769,1137,4
1765,1143,4
1789,1155,4
1732,1178,4
1391,613,4
1383,563,4
1412,598,4
1366,551,4
1353,556,4
1344,576,4
1384,566,4
1356,533,4
1420,570,4
1371,584,4
138,691,4
142,695,4
157,691,4
131,640,4
211,662,4
209,760,4
205,718,4
187,661,4
125,599,4
158,704,4
658,117,4
651,206,4
692,128,4
686,139,4
645,218,4
662,225,4
682,99,4
674,176,4
718,161,4
633,227,4
650,1027,3
646,1097,3
686,1087,3
596,1062,3
659,1031,3
716,1118,3
679,1039,3
652,1110,3
679,1082,3
646,1083,3
1027,680,3
979,687,3
986,738,3
1051,767,3
964,700,3
934,750,3
980,809,3
954,794,3
1019,784,3
988,707,3
812,425,4
790,423,4
766,451,4
764,471,4
820,494,4
771,472,4
801,426,4
810,488,4
844,464,4
754,431,4
1938,56,2
1935,26,2
1881,59,2
1860,26,2
1900,72,2
1917,79,2
1951,98,2
1882,50,2
1885,16,2
1890,112,2
957,625,4
950,525,4
958,577,4
1001,563,4
1019,560,4
939,560,4
919,562,4
899,542,4
958,650,4
1025,567,4
523,1299,2
618,1226,2
584,1294,2
499,1286,2
552,1295,2
569,1289,2
526,1311,2
542,1246,2
497,1251,2
606,1240,2
1195,1089,3
1285,1091,3
1230,1108,3
1229,1100,3
1255,1084,3
1309,1077,3
1151,1075,3
1283,1104,3
1194,1034,3
1160,1062,3
745,830,3
685,844,3
709,850,3
657,862,3
693,870,3
727,818,3
721,790,3
642,850,3
695,848,3
690,897,3
261,1132,4
289,1143,4
252,1193,4
225,1224,4
297,1142,4
230,1123,4
210,1109,4
234,1213,4
243,1177,4
193,1136,4
1669,1204,4
1690,1153,4
1585,1185,4
1608,1259,4
1721,1215,4
1735,1200,4
1716,1217,4
1599,1209,4
1650,1224,4
1638,1178,4
552,485,4
516,494,4
521,498,4
572,370,4
528,410,4
485,357,4
527,456,4
527,458,4
544,373,4
594,361,4
416,1152,4
386,1217,4
397,1221,4
420,1194,4
421,1146,4
417,1151,4
435,1127,4
374,1149,4
364,1217,4
331,1176,4
1728,1520,4
1758,1508,4
1812,1457,4
1831,1465,4
1819,1462,4
1828,1445,4
1776,1491,4
1771,1527,4
1788,1520,4
1742,1460,4
459,763,3
547,718,3
540,763,3
494,755,3
507,820,3
479,769,3
578,774,3
496,743,3
495,734,3
617,770,3
147,818,4
16,856,4
104,856,4
132,875,4
50,839,4
73,833,4
36,842,4
149,827,4
98,858,4
46,819,4
1373,888,4
1425,909,4
1480,970,4
1400,882,4
1409,874,4
1452,928,4
1445,930,4
1476,919,4
1456,986,4
1425,987,4
1024,658,3
976,659,3
998,665,3
1001,668,3
987,659,3
913,692,3
994,688,3
1024,665,3
1017,656,3
948,679,3
1849,655,4
1829,642,4
1841,641,4
1860,689,4
1862,655,4
1855,633,4
1904,628,4
1893,663,4
1907,642,4
1891,646,4
976,571,4
951,517,4
1001,567,4
953,553,4
973,523,4
902,511,4
884,564,4
1013,553,4
947,587,4
948,616,4
913,1466,3
880,1509,3
901,1390,3
842,1535,3
936,1439,3
906,1460,3
872,1520,3
852,1449,3
934,1460,3
902,1483,3
1094,1137,3
1074,1157,3
1048,1174,3
1118,1196,3
1133,1200,3
1081,1148,3
1133,1197,3
1111,1153,3
1113,1182,3
1125,1154,3
1716,768,4
1648,790,4
1648,727,4
1734,765,4
1671,724,4
1648,799,4
1717,708,4
1649,731,4
1683,771,4
1678,790,4
206,1469,3
52,1524,3
102,1524,3
69,1497,3
93,1535,3
130,1490,3
145,1495,3
183,1417,3
139,1423,3
176,1490,3
966,627,4
914,589,4
880,515,4
950,624,4
905,533,4
873,558,4
924,561,4
951,540,4
974,640,4
935,508,4
214,1311,4
243,1242,4
308,1271,4
364,1321,4
248,1223,4
326,1306,4
242,1284,4
300,1325,4
271,1247,4
258,1220,4
653,953,3
629,918,3
594,974,3
567,1004,3
587,997,3
604,1008,3
651,947,3
692,1003,3
625,980,3
633,1011,3
1347,66,4
1257,44,4
1257,34,4
1294,105,4
1321,105,4
1250,77,4
1276,10,4
1286,4,4
1340,8,4
1312,1,4
289,46,4
236,107,4
250,23,4
262,105,4
299,29,4
225,95,4
304,59,4
310,61,4
295,47,4
251,110,4
365,108,4
416,100,4
358,2,4
500,94,4
534,106,4
360,80,4
381,25,4
343,21,4
390,4,4
343,21,4
1456,1094,4
1536,1057,4
1476,996,4
1446,1059,4
1495,1009,4
1467,1062,4
1497,1020,4
1447,1084,4
1515,1079,4
1480,1084,4
405,281,4
355,302,4
395,247,4
400,275,4
408,278,4
377,303,4
423,307,4
442,306,4
444,326,4
369,289,4
718,1493,3
817,1521,3
800,1432,3
772,1457,3
754,1462,3
743,1445,3
739,1458,3
780,1444,3
800,1418,3
863,1503,3
1824,53,4
1830,86,4
1755,81,4
1733,60,4
1823,79,4
1779,40,4
1794,74,4
1720,54,4
1729,14,4
1846,56,4
1011,1184,3
1045,1287,3
987,1272,3
974,1175,3
991,1289,3
1015,1301,3
1041,1231,3
982,1264,3
936,1188,3
927,1167,3
1616,434,4
1592,416,4
1542,459,4
1587,450,4
1620,421,4
1629,487,4
1605,450,4
1553,440,4
1574,453,4
1630,470,4
1155,826,3
1220,804,3
1181,827,3
1147,763,3
1152,744,3
1190,842,3
1250,778,3
1227,807,3
1178,838,3
1260,798,3
1333,989,3
1244,1034,3
1212,987,3
1325,995,3
1254,1036,3
1224,1031,3
1241,1024,3
1267,1043,3
1287,949,3
1290,1053,3
206,1457,2
179,1490,2
144,1486,2
125,1502,2
172,1441,2
112,1480,2
92,1505,2
73,1511,2
56,1521,2
93,1515,2
1201,1296,3
1204,1199,3
1234,1264,3
1189,1318,3
1161,1256,3
1223,1307,3
1174,1283,3
1198,1248,3
1199,1178,3
1197,1189,3
1178,822,3
1195,783,3
1123,807,3
1179,740,3
1192,838,3
1132,820,3
1225,805,3
1158,753,3
1160,827,3
1153,783,3
1774,1080,4
1736,1113,4
1778,1111,4
1807,1048,4
1787,1097,4
1757,1063,4
1705,1107,4
1727,1076,4
1748,1078,4
1759,1097,4
1423,1452,4
1506,1526,4
1399,1498,4
1483,1515,4
1452,1497,4
1498,1472,4
1502,1476,4
1454,1513,4
1463,1496,4
1445,1428,4
1429,1374,4
1539,1351,4
1513,1320,4
1507,1369,4
1465,1368,4
1454,1358,4
1528,1394,4
1533,1426,4
1458,1401,4
1491,1365,4
1343,1137,3
1336,1185,3
1305,1112,3
1302,1217,3
1306,1151,3
1335,1233,3
1324,1216,3
1285,1135,3
1357,1205,3
1366,1182,3
