201208172_T-14-14-20_Dive_01_110.jpg
x,y,label
46,68,4
16,17,5
285,436,3
90,612,2
362,879,2
266,813,0
112,1179,5
209,1001,3
162,1414,4
345,1315,3
444,155,1
482,82,2
463,520,3
740,320,2
607,668,2
762,803,4
529,1066,3
510,1216,5
718,1524,4
611,1507,4
843,232,2
1200,221,2
895,576,2
1178,517,3
1130,637,2
939,906,4
874,956,4
921,1159,4
1179,1521,4
1067,1380,4
1413,16,3
1237,136,2
1502,605,0
1311,532,3
1241,797,4
1274,866,5
1609,994,0
1445,1215,4
1356,1421,4
1256,1269,4
1923,68,4
1919,199,4
1688,416,4
1980,491,4
1991,668,4
1868,668,4
1836,1157,4
1838,954,0
1815,1325,4
1836,1281,4
62,155,4
56,83,4
94,235,4
45,148,4
59,151,4
96,136,4
90,81,4
66,194,4
45,134,4
84,246,4
26,11,5
158,62,5
36,8,5
115,71,5
158,44,5
143,147,5
136,74,5
32,12,5
118,152,5
123,82,5
285,441,3
286,397,3
318,448,3
324,424,3
274,369,3
270,352,3
324,417,3
267,453,3
323,344,3
258,427,3
80,524,2
77,567,2
25,462,2
21,531,2
91,524,2
49,552,2
4,568,2
29,485,2
9,477,2
50,540,2
368,807,2
363,702,2
275,803,2
326,831,2
322,772,2
381,763,2
334,692,2
340,820,2
341,797,2
380,782,2
294,717,0
329,801,0
372,756,0
375,743,0
278,819,0
373,697,0
352,781,0
337,774,0
344,698,0
287,794,0
71,1192,5
20,1204,5
102,1155,5
67,1279,5
4,1347,5
130,1191,5
52,1158,5
1,1308,5
50,1146,5
2,1164,5
268,1008,3
182,1024,3
267,1026,3
207,1049,3
282,1029,3
232,1067,3
272,1068,3
199,1063,3
260,1051,3
187,1036,3
191,1357,4
28,1341,4
62,1317,4
134,1326,4
141,1364,4
56,1308,4
156,1369,4
195,1412,4
137,1318,4
161,1367,4
459,1265,3
553,1197,3
444,1280,3
336,1297,3
446,1294,3
395,1308,3
521,1180,3
462,1264,3
488,1356,3
527,1331,3
515,212,1
437,135,1
411,228,1
509,240,1
494,109,1
511,187,1
480,159,1
520,113,1
483,282,1
536,165,1
470,114,2
337,32,2
376,59,2
530,60,2
354,13,2
507,73,2
352,0,2
380,45,2
492,55,2
397,17,2
507,472,3
506,504,3
468,452,3
520,442,3
549,442,3
490,480,3
537,480,3
555,447,3
394,512,3
473,450,3
765,323,2
737,384,2
750,323,2
778,322,2
818,305,2
828,332,2
761,424,2
762,349,2
782,306,2
736,305,2
492,665,2
542,662,2
510,686,2
581,663,2
605,614,2
571,657,2
538,630,2
624,650,2
575,687,2
474,672,2
727,828,4
774,830,4
785,898,4
814,859,4
822,890,4
774,909,4
754,935,4
821,827,4
793,869,4
805,830,4
526,1111,3
609,1145,3
572,1081,3
629,1101,3
492,1149,3
528,1133,3
567,1210,3
598,1113,3
578,1210,3
596,1120,3
448,1175,5
445,1251,5
435,1243,5
487,1212,5
485,1206,5
479,1217,5
437,1238,5
436,1164,5
512,1213,5
487,1239,5
662,1432,4
638,1438,4
695,1446,4
656,1443,4
700,1519,4
628,1453,4
710,1440,4
673,1476,4
690,1442,4
636,1533,4
541,1474,4
606,1492,4
559,1522,4
597,1497,4
618,1489,4
615,1526,4
609,1419,4
619,1526,4
553,1429,4
566,1443,4
774,231,2
920,299,2
820,222,2
804,260,2
887,228,2
873,247,2
791,249,2
927,290,2
874,356,2
879,300,2
1101,178,2
1061,134,2
1113,175,2
1000,131,2
1143,208,2
1151,192,2
1086,184,2
1147,173,2
1160,185,2
1056,212,2
866,492,2
924,557,2
930,595,2
868,521,2
885,624,2
841,536,2
859,506,2
869,574,2
921,579,2
932,563,2
1291,510,3
1262,479,3
1247,504,3
1288,499,3
1296,511,3
1200,479,3
1275,516,3
1156,520,3
1123,489,3
1223,527,3
1238,692,2
1184,700,2
1157,641,2
1098,692,2
1186,637,2
1091,701,2
1083,699,2
1103,628,2
1110,633,2
1142,557,2
1003,895,4
962,868,4
934,922,4
975,923,4
1030,925,4
1046,882,4
1016,946,4
1006,972,4
934,948,4
1055,876,4
922,955,4
850,963,4
812,980,4
847,1010,4
905,971,4
904,944,4
820,1029,4
903,1001,4
827,989,4
797,1021,4
993,1112,4
970,1125,4
1006,1148,4
937,1113,4
916,1120,4
950,1158,4
948,1101,4
983,1105,4
925,1177,4
918,1138,4
1141,1532,4
1106,1535,4
1110,1521,4
1128,1501,4
1198,1521,4
1190,1501,4
1138,1518,4
1228,1506,4
1183,1509,4
1199,1534,4
1141,1363,4
1182,1395,4
1182,1391,4
1167,1407,4
1096,1345,4
1110,1396,4
1123,1390,4
1028,1408,4
1175,1367,4
1044,1388,4
1378,54,3
1361,113,3
1366,41,3
1391,64,3
1359,115,3
1446,20,3
1430,60,3
1357,15,3
1420,34,3
1373,48,3
1290,131,2
1237,166,2
1307,146,2
1216,145,2
1191,127,2
1325,131,2
1249,188,2
1224,142,2
1188,123,2
1269,211,2
1514,614,0
1451,645,0
1543,680,0
1493,631,0
1497,677,0
1461,703,0
1458,639,0
1453,721,0
1476,651,0
1565,706,0
1256,574,3
1295,490,3
1297,588,3
1275,549,3
1234,582,3
1232,558,3
1309,511,3
1261,572,3
1244,532,3
1295,573,3
1271,769,4
1188,812,4
1179,714,4
1164,796,4
1187,755,4
1231,823,4
1210,823,4
1272,761,4
1218,838,4
1281,798,4
1276,832,5
1292,865,5
1243,931,5
1298,831,5
1248,822,5
1273,876,5
1253,860,5
1226,941,5
1269,892,5
1257,836,5
1663,998,0
1607,1017,0
1619,954,0
1588,1040,0
1561,1004,0
1586,994,0
1614,1012,0
1630,960,0
1577,980,0
1602,1029,0
1604,1188,4
1515,1165,4
1439,1137,4
1485,1208,4
1660,1192,4
1494,1149,4
1514,1156,4
1680,1163,4
1627,1145,4
1560,1165,4
1381,1330,4
1368,1347,4
1385,1354,4
1394,1445,4
1395,1348,4
1423,1365,4
1401,1393,4
1432,1398,4
1413,1399,4
1390,1345,4
1221,1282,4
1160,1231,4
1199,1267,4
1233,1253,4
1219,1325,4
1171,1235,4
1209,1331,4
1252,1289,4
1175,1261,4
1164,1302,4
1941,92,4
1935,80,4
1884,32,4
1947,75,4
1842,17,4
1867,1,4
1918,60,4
1944,73,4
1866,96,4
1927,70,4
1911,255,4
1943,274,4
1869,218,4
1920,298,4
1940,225,4
1890,291,4
1871,281,4
1838,236,4
1887,222,4
1941,299,4
1741,456,4
1721,518,4
1739,458,4
1707,444,4
1750,497,4
1747,475,4
1659,431,4
1651,434,4
1675,448,4
1700,406,4
2004,415,4
1970,448,4
2013,492,4
2038,485,4
1973,420,4
2044,435,4
1963,489,4
2008,471,4
2004,493,4
2039,413,4
2017,646,4
1950,632,4
2006,678,4
1974,673,4
2028,686,4
2018,655,4
2010,682,4
1996,697,4
1974,672,4
1975,609,4
1861,664,4
1771,717,4
1763,690,4
1821,707,4
1781,726,4
1736,755,4
1853,623,4
1838,665,4
1875,696,4
1723,713,4
1766,1143,4
1725,1183,4
1730,1143,4
1782,1205,4
1806,1164,4
1753,1143,4
1768,1186,4
1821,1175,4
1726,1163,4
1857,1204,4
1814,1021,0
1889,1032,0
1857,1013,0
1837,889,0
1813,955,0
1844,960,0
1870,953,0
1812,956,0
1841,944,0
1804,988,0
1770,1410,4
1850,1349,4
1861,1325,4
1746,1396,4
1813,1399,4
1879,1337,4
1743,1392,4
1744,1400,4
1855,1385,4
1768,1381,4
1841,1292,4
1845,1361,4
1775,1405,4
1876,1357,4
1747,1363,4
1852,1390,4
1787,1396,4
1834,1368,4
1822,1352,4
1863,1369,4
