201208172_T-13-47-54_Dive_01_087.jpg
x,y,label
182,269,4
48,231,4
217,339,4
129,332,4
83,730,4
182,623,4
253,1147,4
158,982,3
334,1308,4
172,1352,4
602,176,3
796,24,5
526,545,4
685,606,4
717,815,4
790,721,4
694,1213,4
448,1125,5
507,1257,0
815,1315,4
963,252,4
821,216,5
1219,499,4
839,532,4
851,896,4
1093,860,4
1037,935,0
859,949,4
953,1349,4
881,1393,4
1464,300,4
1312,111,3
1371,438,5
1233,387,5
1260,618,4
1423,787,5
1338,1144,4
1394,941,3
1267,1368,5
1592,1318,4
1983,142,5
1812,133,5
1935,454,4
1811,429,4
1793,829,3
2007,708,5
1788,1205,4
1992,1136,4
1888,1299,4
1727,1497,4
212,267,4
186,218,4
293,195,4
356,217,4
230,242,4
296,226,4
219,293,4
194,251,4
283,185,4
212,212,4
53,266,4
121,258,4
75,261,4
88,231,4
111,316,4
142,237,4
72,286,4
49,290,4
122,328,4
73,311,4
204,331,4
280,274,4
241,303,4
265,283,4
189,337,4
143,300,4
222,304,4
230,276,4
270,288,4
228,300,4
94,296,4
146,231,4
55,258,4
7,290,4
57,267,4
95,316,4
143,241,4
35,286,4
111,298,4
137,228,4
65,727,4
21,692,4
50,685,4
95,715,4
12,697,4
36,727,4
22,648,4
23,692,4
38,729,4
12,660,4
0,537,4
43,596,4
166,598,4
21,534,4
191,519,4
113,572,4
135,594,4
156,595,4
74,536,4
187,585,4
201,1176,4
227,1206,4
271,1244,4
296,1246,4
242,1133,4
275,1247,4
191,1196,4
274,1244,4
312,1246,4
255,1248,4
165,901,3
147,936,3
180,884,3
198,993,3
177,1020,3
228,902,3
192,892,3
148,908,3
190,1018,3
226,963,3
283,1296,4
327,1291,4
329,1383,4
306,1311,4
328,1388,4
312,1402,4
272,1319,4
385,1397,4
266,1357,4
385,1372,4
178,1380,4
185,1426,4
171,1364,4
99,1461,4
217,1389,4
174,1381,4
120,1401,4
183,1313,4
105,1439,4
189,1334,4
607,162,3
591,195,3
593,223,3
597,140,3
671,105,3
578,214,3
625,122,3
586,145,3
619,209,3
621,104,3
745,44,5
697,81,5
789,57,5
688,29,5
702,16,5
733,46,5
795,11,5
779,64,5
738,20,5
685,28,5
575,499,4
502,501,4
519,562,4
495,490,4
529,469,4
562,551,4
513,505,4
489,568,4
457,527,4
566,594,4
748,636,4
710,726,4
719,629,4
682,686,4
776,658,4
744,623,4
747,636,4
715,615,4
784,642,4
744,640,4
726,803,4
717,827,4
782,816,4
735,889,4
768,911,4
736,909,4
692,837,4
740,908,4
749,842,4
727,834,4
830,717,4
757,793,4
748,765,4
806,775,4
782,703,4
807,820,4
732,743,4
730,744,4
826,730,4
787,684,4
641,1167,4
708,1171,4
813,1174,4
736,1257,4
714,1162,4
837,1215,4
813,1243,4
784,1135,4
756,1138,4
812,1237,4
491,1143,5
484,1033,5
441,1194,5
489,1101,5
474,1132,5
488,1069,5
466,1061,5
450,1161,5
457,1055,5
508,1151,5
556,1264,0
615,1254,0
532,1227,0
517,1248,0
607,1250,0
551,1188,0
514,1259,0
580,1130,0
556,1136,0
545,1266,0
784,1327,4
837,1267,4
821,1310,4
851,1337,4
808,1375,4
779,1355,4
782,1371,4
785,1285,4
805,1351,4
844,1269,4
957,314,4
996,267,4
1061,276,4
928,250,4
1062,285,4
932,302,4
1050,250,4
1060,335,4
943,301,4
996,268,4
727,194,5
707,310,5
779,226,5
717,250,5
724,269,5
738,225,5
722,284,5
790,246,5
715,202,5
719,196,5
1313,431,4
1249,553,4
1262,465,4
1281,466,4
1231,509,4
1165,455,4
1284,475,4
1259,495,4
1238,448,4
1318,452,4
855,557,4
837,577,4
860,640,4
855,608,4
868,581,4
842,630,4
785,539,4
877,603,4
788,531,4
845,580,4
878,839,4
841,835,4
781,871,4
792,866,4
889,890,4
862,894,4
873,894,4
905,852,4
837,839,4
875,855,4
1013,927,4
1006,924,4
999,971,4
1076,858,4
1016,898,4
1060,861,4
1017,871,4
1095,906,4
1032,827,4
1099,894,4
1110,940,0
1046,1023,0
1103,952,0
1081,928,0
1114,914,0
1086,977,0
1060,1008,0
1078,942,0
1068,930,0
1047,1001,0
818,1018,4
817,928,4
851,952,4
776,927,4
835,1025,4
824,925,4
870,980,4
821,1022,4
800,922,4
856,978,4
876,1384,4
926,1307,4
912,1371,4
960,1364,4
967,1387,4
905,1318,4
963,1337,4
931,1319,4
905,1382,4
985,1363,4
947,1316,4
929,1383,4
880,1384,4
929,1335,4
959,1385,4
903,1399,4
950,1321,4
956,1342,4
888,1370,4
941,1311,4
1464,300,4
1449,272,4
1499,294,4
1441,251,4
1552,299,4
1448,305,4
1483,294,4
1433,286,4
1509,255,4
1527,249,4
1297,25,3
1305,38,3
1280,97,3
1328,113,3
1225,56,3
1271,10,3
1303,105,3
1278,69,3
1314,107,3
1229,51,3
1361,339,5
1229,356,5
1315,380,5
1343,314,5
1302,380,5
1342,458,5
1361,438,5
1291,372,5
1359,444,5
1353,335,5
1161,380,5
1184,349,5
1224,361,5
1129,325,5
1232,384,5
1147,367,5
1131,338,5
1142,348,5
1093,352,5
1120,330,5
1262,603,4
1234,709,4
1250,674,4
1253,709,4
1292,617,4
1200,672,4
1255,635,4
1202,711,4
1259,685,4
1226,682,4
1470,735,5
1436,787,5
1497,813,5
1490,725,5
1477,746,5
1467,716,5
1469,725,5
1470,735,5
1447,764,5
1474,719,5
1322,1157,4
1267,1219,4
1254,1193,4
1268,1233,4
1290,1175,4
1305,1173,4
1269,1221,4
1258,1215,4
1340,1138,4
1295,1181,4
1415,927,3
1401,936,3
1375,925,3
1357,948,3
1356,925,3
1369,934,3
1349,898,3
1336,904,3
1331,942,3
1347,972,3
1267,1363,5
1264,1397,5
1218,1350,5
1295,1342,5
1221,1396,5
1228,1406,5
1292,1352,5
1290,1399,5
1272,1371,5
1268,1316,5
1566,1199,4
1611,1212,4
1601,1247,4
1594,1255,4
1543,1221,4
1563,1295,4
1619,1245,4
1596,1238,4
1640,1294,4
1608,1289,4
2015,162,5
2003,196,5
1969,127,5
2016,222,5
2021,173,5
2037,123,5
2033,196,5
2012,135,5
2034,228,5
2047,214,5
1813,111,5
1786,71,5
1832,143,5
1790,77,5
1815,109,5
1787,49,5
1740,80,5
1731,125,5
1725,143,5
1746,154,5
1916,423,4
1899,491,4
1866,474,4
1930,444,4
1925,405,4
1921,438,4
1925,446,4
1905,455,4
1876,420,4
1874,426,4
1858,441,4
1757,464,4
1844,427,4
1768,483,4
1849,498,4
1855,456,4
1828,434,4
1831,523,4
1845,460,4
1808,467,4
1782,696,3
1754,735,3
1793,779,3
1851,707,3
1814,787,3
1805,768,3
1846,684,3
1762,771,3
1832,772,3
1832,759,3
2035,580,5
1983,691,5
2030,647,5
2020,688,5
2033,705,5
2033,666,5
2040,667,5
2026,690,5
2015,715,5
2017,578,5
1827,1195,4
1751,1176,4
1766,1176,4
1771,1135,4
1770,1228,4
1743,1206,4
1820,1190,4
1799,1178,4
1757,1164,4
1803,1175,4
1964,1139,4
1984,1212,4
1976,1113,4
1986,1134,4
2011,1178,4
2010,1165,4
1985,1177,4
1969,1172,4
2037,1179,4
1958,1173,4
1967,1247,4
1964,1284,4
1885,1222,4
1919,1247,4
1881,1236,4
1878,1244,4
1963,1218,4
1933,1192,4
1873,1309,4
1952,1271,4
1806,1503,4
1804,1486,4
1834,1479,4
1787,1518,4
1827,1511,4
1787,1531,4
1838,1487,4
1795,1431,4
1836,1489,4
1847,1475,4
