201208172_T-15-10-40_Dive_01_151.jpg
x,y,label
408,28,2
256,67,2
65,521,3
139,491,3
414,821,5
14,831,3
342,1108,5
207,978,3
343,1460,3
239,1350,3
747,232,3
674,151,3
687,615,3
810,602,4
647,773,5
740,905,3
497,1086,3
735,1008,3
796,1250,3
633,1359,3
855,24,3
954,255,3
1195,468,3
960,401,2
994,625,3
1140,618,4
1028,1123,3
1034,1172,3
1005,1308,3
905,1466,1
1316,265,3
1231,148,3
1422,321,3
1244,585,3
1491,768,4
1280,693,3
1393,1215,4
1408,1166,4
1415,1525,3
1284,1390,2
1871,116,4
1904,236,4
1718,335,4
2004,567,3
1685,718,4
1693,826,4
1660,1041,4
1908,1107,0
1909,1330,3
1754,1341,5
429,134,2
424,133,2
504,22,2
486,100,2
485,25,2
450,150,2
463,96,2
409,107,2
411,100,2
494,149,2
203,13,2
153,76,2
122,18,2
164,87,2
223,92,2
327,114,2
124,47,2
250,105,2
198,74,2
281,82,2
68,447,3
81,305,3
75,466,3
43,447,3
37,386,3
5,330,3
25,251,3
21,487,3
10,404,3
97,310,3
112,506,3
102,513,3
170,439,3
101,498,3
81,471,3
89,484,3
69,428,3
176,528,3
157,492,3
78,415,3
477,972,5
447,862,5
411,859,5
417,893,5
406,860,5
411,819,5
438,913,5
429,819,5
408,894,5
502,869,5
55,915,3
39,832,3
58,849,3
36,891,3
55,887,3
45,842,3
7,821,3
120,945,3
42,908,3
5,879,3
338,1068,5
511,1159,5
378,1047,5
433,1089,5
394,1027,5
474,1160,5
530,1135,5
394,1096,5
441,1099,5
498,1184,5
427,906,3
236,1002,3
382,973,3
307,975,3
202,1056,3
275,909,3
331,1002,3
291,1015,3
273,933,3
311,921,3
349,1510,3
404,1476,3
443,1445,3
447,1446,3
444,1427,3
378,1379,3
437,1431,3
458,1419,3
377,1445,3
388,1528,3
259,1435,3
303,1459,3
288,1401,3
299,1459,3
253,1382,3
254,1328,3
250,1447,3
269,1322,3
280,1419,3
250,1422,3
786,177,3
767,149,3
707,166,3
759,112,3
649,219,3
802,204,3
723,215,3
695,244,3
798,174,3
810,190,3
706,139,3
704,96,3
669,55,3
733,89,3
677,126,3
708,146,3
712,127,3
629,39,3
688,170,3
696,144,3
756,599,3
691,532,3
601,578,3
638,596,3
614,568,3
745,604,3
728,671,3
697,635,3
696,634,3
697,573,3
738,754,4
801,668,4
734,717,4
778,771,4
758,733,4
785,721,4
708,701,4
758,688,4
757,680,4
683,779,4
589,772,5
555,719,5
552,714,5
667,748,5
567,729,5
569,784,5
599,748,5
631,763,5
631,785,5
610,769,5
681,869,3
656,819,3
590,924,3
719,918,3
666,855,3
588,927,3
608,817,3
721,938,3
680,874,3
635,946,3
462,1070,3
491,1082,3
424,1068,3
375,984,3
336,1041,3
384,982,3
495,1114,3
529,1091,3
516,1108,3
478,1103,3
686,1082,3
663,1033,3
745,1137,3
584,1205,3
668,1200,3
657,1050,3
677,1137,3
584,1181,3
715,1165,3
702,1016,3
694,1309,3
816,1289,3
736,1295,3
704,1358,3
680,1312,3
743,1305,3
774,1286,3
725,1282,3
821,1287,3
669,1294,3
562,1394,3
657,1348,3
566,1372,3
540,1361,3
543,1304,3
604,1373,3
492,1327,3
491,1363,3
555,1331,3
584,1338,3
960,152,3
1010,185,3
1024,23,3
957,187,3
961,100,3
938,159,3
800,45,3
976,66,3
968,35,3
980,172,3
983,255,3
991,259,3
976,237,3
993,211,3
988,244,3
992,269,3
987,306,3
978,230,3
973,253,3
985,242,3
1217,487,3
1239,453,3
1209,370,3
1236,472,3
1243,499,3
1187,373,3
1212,467,3
1208,428,3
1216,369,3
1186,384,3
996,340,2
1127,257,2
1138,313,2
1045,365,2
1211,296,2
1152,230,2
1204,331,2
1128,269,2
1169,247,2
1067,375,2
1014,606,3
1104,529,3
1117,630,3
1038,579,3
974,585,3
1026,576,3
1108,625,3
1019,548,3
1047,598,3
1005,553,3
1051,563,4
1022,644,4
1115,578,4
1017,598,4
1063,610,4
1038,579,4
1114,617,4
1076,532,4
1001,623,4
1000,557,4
885,1148,3
924,1212,3
942,1207,3
901,1132,3
1019,1189,3
887,1164,3
896,1155,3
940,1125,3
889,1160,3
1014,1235,3
1049,1099,3
1094,1196,3
1050,1218,3
1052,1179,3
1126,1202,3
1152,1247,3
1073,1203,3
1075,1175,3
1078,1186,3
1172,1238,3
1084,1235,3
977,1285,3
1078,1260,3
1051,1333,3
953,1262,3
1048,1310,3
1071,1302,3
1078,1195,3
1042,1230,3
1108,1291,3
947,1500,1
858,1422,1
900,1504,1
964,1485,1
949,1472,1
907,1527,1
911,1513,1
909,1407,1
930,1450,1
884,1459,1
1282,269,3
1261,254,3
1300,298,3
1263,217,3
1303,281,3
1293,255,3
1294,227,3
1341,226,3
1243,276,3
1285,222,3
1237,190,3
1233,60,3
1242,140,3
1230,67,3
1272,99,3
1209,140,3
1242,163,3
1234,106,3
1173,123,3
1207,74,3
1406,412,3
1404,393,3
1408,312,3
1428,355,3
1394,374,3
1438,337,3
1399,396,3
1421,417,3
1404,398,3
1400,368,3
1344,537,3
1279,554,3
1340,508,3
1273,519,3
1329,532,3
1293,564,3
1232,535,3
1328,557,3
1287,569,3
1196,527,3
1466,754,4
1534,735,4
1524,788,4
1553,764,4
1504,731,4
1514,834,4
1574,785,4
1539,752,4
1550,782,4
1481,761,4
1286,754,3
1289,613,3
1312,632,3
1328,599,3
1286,724,3
1210,615,3
1250,624,3
1346,674,3
1279,644,3
1291,628,3
1369,1136,4
1398,1195,4
1418,1087,4
1324,1143,4
1427,1104,4
1392,1125,4
1382,1210,4
1393,1168,4
1410,1112,4
1380,1143,4
1348,1168,4
1381,1155,4
1390,1171,4
1419,1176,4
1374,1186,4
1400,1160,4
1396,1166,4
1370,1181,4
1366,1201,4
1422,1119,4
1422,1503,3
1456,1463,3
1473,1430,3
1499,1502,3
1490,1460,3
1520,1419,3
1415,1532,3
1467,1514,3
1508,1519,3
1494,1489,3
1398,1379,2
1354,1451,2
1207,1319,2
1237,1316,2
1240,1336,2
1293,1348,2
1409,1358,2
1231,1301,2
1308,1359,2
1373,1451,2
1851,112,4
1865,93,4
1910,121,4
1924,161,4
1851,120,4
1869,81,4
1910,109,4
1862,85,4
1945,118,4
1880,115,4
1902,259,4
1928,263,4
1889,260,4
1902,274,4
1893,297,4
1881,287,4
1931,223,4
1881,279,4
1934,223,4
1896,263,4
1761,348,4
1721,322,4
1829,350,4
1732,332,4
1725,386,4
1805,384,4
1817,355,4
1802,369,4
1789,323,4
1827,354,4
2014,606,3
1965,637,3
1915,558,3
1931,611,3
1985,519,3
1957,598,3
2017,550,3
1950,529,3
1912,572,3
1953,537,3
1655,717,4
1621,718,4
1707,758,4
1629,711,4
1674,706,4
1659,660,4
1604,730,4
1627,723,4
1631,703,4
1637,685,4
1630,739,4
1682,791,4
1653,832,4
1621,779,4
1682,780,4
1653,784,4
1657,736,4
1661,750,4
1665,841,4
1723,786,4
1621,1089,4
1672,1038,4
1642,1055,4
1626,1102,4
1619,1041,4
1720,1050,4
1641,1131,4
1662,1096,4
1666,1055,4
1665,1027,4
1870,1020,0
1904,1029,0
1856,1123,0
1865,1059,0
1901,1029,0
1858,1004,0
1870,1021,0
1907,1044,0
1913,1062,0
1917,1081,0
1901,1349,3
1926,1356,3
1921,1369,3
1928,1313,3
1865,1394,3
1902,1272,3
1906,1323,3
1846,1343,3
1898,1391,3
1915,1354,3
1841,1243,5
1798,1312,5
1773,1207,5
1840,1279,5
1805,1271,5
1803,1301,5
1782,1253,5
1825,1271,5
1818,1302,5
1714,1336,5
