201208172_T-13-45-39_Dive_01_083.jpg
x,y,label
99,301,2
262,229,2
27,329,2
167,364,3
410,840,5
348,706,4
415,979,3
386,1107,3
197,1305,4
44,1312,2
485,157,4
449,142,4
721,561,4
806,588,4
602,625,3
810,760,1
596,1002,3
470,1059,3
689,1502,4
575,1472,3
1162,288,4
904,119,4
889,315,4
856,530,4
1094,727,0
996,816,0
1001,1040,3
1184,980,2
1084,1267,3
1157,1250,3
1579,311,0
1545,189,5
1343,341,0
1475,582,0
1269,673,0
1619,791,3
1568,998,1
1584,1152,3
1537,1451,0
1394,1406,3
1704,265,1
1849,250,1
1908,421,0
1796,330,0
2016,894,0
2017,768,0
1693,1142,1
1710,927,1
1688,1476,0
2030,1244,0
47,282,2
108,303,2
103,270,2
12,267,2
36,270,2
15,258,2
29,230,2
90,305,2
17,262,2
35,232,2
230,265,2
272,231,2
230,293,2
326,288,2
220,234,2
260,317,2
211,300,2
275,176,2
221,223,2
296,335,2
101,363,2
1,357,2
48,344,2
118,330,2
7,272,2
45,326,2
51,359,2
11,272,2
15,278,2
24,371,2
80,409,3
152,406,3
98,433,3
142,399,3
188,357,3
115,475,3
59,422,3
102,381,3
111,473,3
206,408,3
378,819,5
372,805,5
463,686,5
415,724,5
472,699,5
398,740,5
411,830,5
418,725,5
429,722,5
417,724,5
336,668,4
383,686,4
319,646,4
460,648,4
365,626,4
419,642,4
363,701,4
354,610,4
406,665,4
417,628,4
319,1007,3
374,968,3
409,946,3
419,988,3
343,1003,3
418,1075,3
371,1030,3
326,1056,3
400,1025,3
381,1066,3
385,1122,3
407,1086,3
429,1159,3
449,988,3
338,1075,3
447,1106,3
460,1073,3
259,1209,3
448,973,3
352,1081,3
182,1336,4
130,1357,4
189,1326,4
145,1364,4
175,1339,4
174,1351,4
155,1360,4
171,1430,4
165,1412,4
177,1413,4
114,1316,2
67,1282,2
127,1218,2
112,1332,2
147,1208,2
121,1328,2
74,1293,2
108,1261,2
73,1256,2
56,1269,2
429,136,4
472,205,4
436,150,4
462,143,4
411,151,4
468,186,4
438,177,4
452,177,4
458,216,4
438,185,4
501,191,4
459,190,4
455,174,4
401,112,4
450,131,4
418,131,4
497,165,4
488,163,4
408,143,4
499,172,4
727,552,4
738,541,4
782,594,4
752,543,4
760,563,4
790,567,4
771,585,4
730,536,4
812,607,4
781,547,4
724,556,4
775,595,4
735,651,4
786,557,4
725,542,4
809,581,4
800,623,4
734,528,4
750,555,4
768,598,4
628,654,3
618,622,3
571,706,3
604,585,3
634,745,3
566,769,3
527,711,3
580,629,3
579,694,3
641,694,3
919,739,1
760,832,1
838,928,1
859,758,1
805,746,1
828,752,1
771,787,1
778,770,1
895,732,1
866,765,1
524,998,3
522,963,3
576,924,3
527,979,3
557,940,3
457,963,3
594,973,3
594,1002,3
590,943,3
589,977,3
283,1073,3
375,1172,3
284,1052,3
260,1094,3
415,1114,3
434,1079,3
392,1097,3
246,1223,3
245,1159,3
396,1164,3
695,1482,4
690,1471,4
664,1475,4
676,1465,4
713,1482,4
673,1479,4
711,1527,4
628,1445,4
624,1482,4
687,1449,4
536,1450,3
539,1431,3
605,1515,3
598,1434,3
526,1505,3
523,1480,3
566,1441,3
585,1464,3
558,1453,3
519,1429,3
1210,244,4
1193,225,4
1151,233,4
1181,250,4
1156,313,4
1148,325,4
1179,232,4
1189,277,4
1114,273,4
1159,315,4
915,89,4
927,132,4
1004,182,4
1014,153,4
934,125,4
987,166,4
934,86,4
963,132,4
1011,188,4
1028,151,4
956,315,4
932,394,4
950,388,4
968,367,4
977,285,4
1017,339,4
929,272,4
904,352,4
952,305,4
935,380,4
889,510,4
887,544,4
841,550,4
808,535,4
849,556,4
855,520,4
840,531,4
901,502,4
837,521,4
870,496,4
1040,664,0
1064,710,0
1057,793,0
1060,795,0
1008,663,0
1089,730,0
1065,770,0
961,708,0
1090,764,0
1094,693,0
868,864,0
858,877,0
999,837,0
862,846,0
826,882,0
927,790,0
893,892,0
946,839,0
869,861,0
990,854,0
1090,1027,3
1064,1075,3
1063,1034,3
1080,1032,3
1019,1030,3
1069,1109,3
1010,1026,3
1113,1101,3
1108,1067,3
1064,1040,3
1244,989,2
1209,1031,2
1253,1009,2
1244,973,2
1185,1013,2
1184,978,2
1236,994,2
1221,976,2
1207,995,2
1265,932,2
1072,1348,3
1090,1218,3
1058,1290,3
1033,1234,3
1148,1256,3
1107,1250,3
1053,1340,3
1064,1280,3
1130,1296,3
1027,1325,3
1272,1262,3
1229,1262,3
1173,1246,3
1167,1210,3
1235,1226,3
1196,1228,3
1214,1207,3
1238,1223,3
1176,1223,3
1186,1262,3
1626,331,0
1616,318,0
1618,379,0
1591,373,0
1616,340,0
1618,344,0
1576,312,0
1631,323,0
1581,423,0
1625,419,0
1589,177,5
1595,101,5
1561,115,5
1585,117,5
1549,125,5
1615,167,5
1566,207,5
1569,156,5
1585,157,5
1567,175,5
1407,317,0
1466,344,0
1415,418,0
1376,415,0
1351,349,0
1407,334,0
1440,340,0
1372,400,0
1425,426,0
1395,314,0
1438,580,0
1440,555,0
1476,560,0
1471,533,0
1440,536,0
1441,567,0
1527,537,0
1433,560,0
1445,576,0
1474,602,0
1278,648,0
1227,617,0
1203,711,0
1243,687,0
1263,603,0
1237,727,0
1226,718,0
1198,655,0
1288,687,0
1240,693,0
1649,709,3
1657,763,3
1606,746,3
1630,694,3
1610,704,3
1589,711,3
1595,747,3
1660,794,3
1615,797,3
1586,774,3
1588,970,1
1653,871,1
1635,989,1
1667,982,1
1612,940,1
1673,980,1
1623,932,1
1504,944,1
1606,935,1
1598,924,1
1621,1129,3
1554,1137,3
1598,1170,3
1620,1110,3
1623,1150,3
1573,1157,3
1527,1154,3
1550,1117,3
1569,1141,3
1582,1132,3
1492,1478,0
1510,1367,0
1599,1407,0
1513,1332,0
1544,1467,0
1604,1427,0
1593,1477,0
1511,1410,0
1563,1366,0
1521,1462,0
1425,1323,3
1429,1372,3
1397,1404,3
1427,1300,3
1408,1354,3
1398,1398,3
1391,1320,3
1344,1360,3
1467,1320,3
1431,1316,3
1721,290,1
1712,281,1
1744,241,1
1734,229,1
1670,249,1
1742,222,1
1702,255,1
1653,271,1
1712,304,1
1671,255,1
1823,257,1
1786,259,1
1846,271,1
1844,260,1
1805,250,1
1770,274,1
1868,247,1
1797,279,1
1786,274,1
1794,250,1
1889,435,0
1949,499,0
1972,475,0
1954,382,0
1939,410,0
1890,485,0
1915,405,0
1926,406,0
1918,400,0
1925,410,0
1721,341,0
1812,300,0
1630,316,0
1748,318,0
1731,373,0
1662,297,0
1733,337,0
1714,338,0
1768,338,0
1663,336,0
1972,859,0
2013,910,0
1993,828,0
2044,897,0
1984,894,0
1983,909,0
1983,855,0
1986,926,0
2016,849,0
2043,888,0
2031,785,0
2003,793,0
1987,781,0
2016,788,0
1963,814,0
1961,741,0
1969,781,0
2042,723,0
2030,750,0
2000,734,0
1705,1219,1
1667,1102,1
1686,1138,1
1721,1185,1
1684,1119,1
1625,1184,1
1634,1125,1
1637,1190,1
1731,1145,1
1703,1201,1
1706,947,1
1697,813,1
1711,961,1
1672,889,1
1712,831,1
1709,809,1
1703,899,1
1734,913,1
1705,958,1
1729,925,1
1620,1466,0
1673,1473,0
1702,1494,0
1615,1451,0
1653,1460,0
1698,1479,0
1668,1520,0
1718,1507,0
1729,1493,0
1717,1520,0
1958,1251,0
1949,1260,0
2018,1267,0
2012,1255,0
1936,1287,0
1958,1240,0
1941,1281,0
1986,1290,0
1962,1234,0
1933,1291,0
