201208172_T-14-24-42_Dive_01_129.jpg
x,y,label
42,69,2
206,200,1
396,609,5
46,421,3
278,776,2
226,761,3
145,1113,2
266,1207,4
310,1340,3
279,1480,3
667,207,0
463,269,1
628,557,3
535,560,5
821,718,2
641,647,3
633,1047,3
475,1079,3
532,1234,3
636,1263,3
1060,128,3
885,290,3
848,430,3
926,489,4
1119,630,2
1150,774,3
1106,1190,4
1155,946,4
1002,1277,4
1012,1290,4
1589,86,3
1386,213,3
1453,546,3
1369,432,5
1454,629,3
1481,789,3
1620,963,4
1325,1210,3
1395,1320,2
1448,1241,3
1699,275,3
2021,61,5
2014,423,3
1788,560,3
1777,844,4
1842,656,3
1700,973,4
2035,1156,4
1964,1489,4
1664,1246,4
29,34,2
48,1,2
109,7,2
82,86,2
117,67,2
60,46,2
23,65,2
77,52,2
13,37,2
40,62,2
107,242,1
176,198,1
84,240,1
192,175,1
135,194,1
101,212,1
129,148,1
123,178,1
93,167,1
149,154,1
391,730,5
400,702,5
303,673,5
326,623,5
350,752,5
340,714,5
363,648,5
326,641,5
330,726,5
345,670,5
36,268,3
31,380,3
5,413,3
23,387,3
67,311,3
17,336,3
7,273,3
6,347,3
24,387,3
60,335,3
215,764,2
175,799,2
119,769,2
202,757,2
310,793,2
162,795,2
321,765,2
189,747,2
252,740,2
224,758,2
258,742,3
179,821,3
304,807,3
286,742,3
207,768,3
169,808,3
287,809,3
200,756,3
320,753,3
152,717,3
224,1332,2
228,1275,2
214,1318,2
187,1186,2
104,1291,2
194,1246,2
118,1161,2
125,1274,2
79,1256,2
204,1188,2
305,1152,4
245,1099,4
235,1090,4
259,1188,4
290,1192,4
261,1215,4
250,1196,4
236,1117,4
243,1167,4
256,1104,4
399,1284,3
392,1284,3
293,1328,3
344,1205,3
390,1203,3
356,1236,3
428,1277,3
442,1359,3
430,1290,3
411,1277,3
347,1364,3
330,1382,3
258,1510,3
293,1409,3
390,1530,3
335,1358,3
285,1510,3
324,1503,3
288,1528,3
277,1474,3
658,140,0
701,152,0
689,217,0
621,102,0
634,145,0
652,116,0
676,168,0
691,142,0
708,159,0
702,99,0
375,194,1
488,246,1
364,170,1
402,176,1
431,149,1
433,186,1
428,162,1
437,161,1
368,205,1
433,162,1
642,553,3
619,516,3
736,510,3
603,549,3
710,553,3
725,505,3
627,545,3
596,560,3
701,505,3
578,505,3
502,587,5
480,608,5
587,568,5
533,569,5
606,604,5
598,533,5
477,588,5
531,552,5
598,621,5
585,587,5
801,700,2
734,765,2
688,698,2
680,692,2
803,688,2
758,816,2
776,722,2
741,829,2
785,692,2
788,796,2
587,631,3
703,602,3
595,637,3
659,708,3
617,673,3
562,610,3
665,613,3
667,707,3
687,641,3
685,674,3
671,1038,3
721,1079,3
725,1064,3
619,1036,3
697,1054,3
690,1048,3
694,1023,3
673,1012,3
694,1022,3
679,1080,3
478,1063,3
523,1075,3
587,1001,3
511,1047,3
493,1045,3
604,1079,3
533,1079,3
610,1104,3
474,1063,3
512,1068,3
410,1142,3
505,1222,3
435,1239,3
401,1151,3
349,1140,3
440,1238,3
501,1175,3
348,1133,3
344,1154,3
498,1178,3
645,1244,3
648,1276,3
628,1249,3
644,1274,3
603,1272,3
639,1248,3
665,1232,3
622,1212,3
596,1252,3
644,1216,3
1064,81,3
950,140,3
1081,79,3
1005,83,3
1033,139,3
1029,115,3
929,146,3
1043,123,3
1073,141,3
1082,50,3
938,282,3
871,262,3
926,223,3
888,227,3
861,301,3
898,304,3
903,258,3
926,204,3
879,301,3
928,314,3
846,394,3
908,448,3
831,385,3
876,406,3
838,388,3
876,372,3
829,398,3
831,383,3
866,433,3
846,416,3
941,331,4
962,501,4
1008,442,4
900,390,4
961,469,4
894,333,4
888,378,4
1043,497,4
973,504,4
912,337,4
1087,702,2
1130,782,2
1117,732,2
1041,739,2
1123,765,2
1064,678,2
1080,687,2
1103,719,2
1056,737,2
1076,698,2
1198,809,3
1208,806,3
1240,728,3
1205,753,3
1184,800,3
1203,737,3
1210,815,3
1220,796,3
1206,747,3
1187,761,3
1104,1127,4
1093,1121,4
966,1196,4
1071,1184,4
1060,1131,4
999,1220,4
1038,1200,4
1156,1122,4
1152,1130,4
1015,1226,4
1150,949,4
1156,902,4
1055,955,4
1045,941,4
1042,920,4
1161,900,4
1055,998,4
1028,881,4
1074,943,4
1101,934,4
1029,1262,4
1109,1321,4
1049,1296,4
1044,1248,4
1047,1297,4
1024,1259,4
1078,1293,4
1093,1221,4
1026,1270,4
1045,1307,4
924,1345,4
950,1350,4
1021,1350,4
960,1270,4
980,1304,4
975,1358,4
957,1349,4
982,1346,4
966,1278,4
930,1352,4
1713,177,3
1654,122,3
1597,168,3
1699,140,3
1611,98,3
1682,131,3
1643,137,3
1625,146,3
1626,172,3
1615,170,3
1398,204,3
1345,180,3
1343,190,3
1437,200,3
1388,206,3
1365,251,3
1383,196,3
1351,200,3
1386,235,3
1365,227,3
1438,622,3
1525,655,3
1493,652,3
1475,665,3
1435,654,3
1446,626,3
1472,668,3
1422,637,3
1466,682,3
1478,647,3
1449,503,5
1368,491,5
1444,480,5
1411,466,5
1421,455,5
1312,469,5
1405,445,5
1379,484,5
1294,464,5
1426,473,5
1491,707,3
1472,546,3
1480,617,3
1454,606,3
1452,628,3
1503,548,3
1482,699,3
1441,586,3
1437,644,3
1451,545,3
1511,823,3
1564,796,3
1471,798,3
1428,809,3
1466,757,3
1598,877,3
1584,748,3
1473,791,3
1612,821,3
1543,833,3
1627,997,4
1631,935,4
1634,1034,4
1651,949,4
1717,989,4
1704,988,4
1638,904,4
1638,973,4
1717,947,4
1630,997,4
1255,1149,3
1258,1178,3
1295,1152,3
1255,1146,3
1306,1190,3
1331,1173,3
1261,1212,3
1255,1173,3
1253,1226,3
1333,1183,3
1313,1297,2
1412,1327,2
1413,1328,2
1332,1313,2
1429,1298,2
1399,1306,2
1351,1269,2
1322,1251,2
1393,1283,2
1349,1372,2
1500,1237,3
1427,1274,3
1439,1219,3
1510,1288,3
1481,1219,3
1498,1293,3
1473,1215,3
1535,1204,3
1434,1293,3
1534,1215,3
1675,220,3
1707,196,3
1691,190,3
1684,204,3
1661,247,3
1717,184,3
1710,180,3
1674,205,3
1643,288,3
1702,274,3
2025,108,5
1993,104,5
1998,126,5
1936,68,5
1953,46,5
2017,64,5
1942,39,5
2018,26,5
1975,13,5
2023,26,5
2041,422,3
2037,372,3
2035,430,3
2019,405,3
1976,441,3
2002,403,3
1969,492,3
2001,369,3
2016,432,3
1997,392,3
1773,510,3
1758,502,3
1756,579,3
1717,574,3
1723,550,3
1734,591,3
1760,529,3
1759,526,3
1800,565,3
1761,589,3
1787,887,4
1776,826,4
1834,829,4
1843,842,4
1760,923,4
1757,878,4
1756,832,4
1821,850,4
1792,944,4
1850,825,4
1869,622,3
1825,606,3
1838,658,3
1799,667,3
1911,625,3
1811,668,3
1822,625,3
1866,643,3
1843,643,3
1867,632,3
1664,987,4
1694,908,4
1703,909,4
1614,1011,4
1657,974,4
1653,1000,4
1649,902,4
1613,1007,4
1606,1035,4
1683,964,4
2018,1212,4
2010,1241,4
2011,1243,4
1986,1166,4
2006,1193,4
2027,1184,4
2023,1128,4
1960,1209,4
1980,1150,4
1971,1234,4
2022,1456,4
1979,1422,4
1964,1463,4
1954,1475,4
2014,1432,4
1962,1472,4
2037,1450,4
2041,1452,4
1987,1454,4
1957,1515,4
1667,1237,4
1643,1212,4
1717,1327,4
1669,1235,4
1654,1266,4
1686,1294,4
1660,1259,4
1696,1234,4
1698,1212,4
1706,1271,4
