201208172_T-13-44-09_Dive_01_080.jpg
x,y,label
174,14,4
212,159,4
335,315,4
409,357,4
93,666,3
93,902,5
343,981,5
42,960,5
175,1395,3
203,1434,3
577,185,2
562,55,2
709,533,5
651,353,5
639,898,4
545,679,4
622,921,4
527,1210,3
793,1470,4
451,1244,5
1069,37,5
1174,69,4
1129,370,3
1186,445,3
911,622,3
946,776,4
1137,1065,4
1187,1043,1
825,1481,4
1019,1408,4
1483,18,4
1482,308,5
1534,380,3
1419,459,3
1287,891,3
1581,852,5
1592,1214,1
1297,1147,1
1456,1225,1
1273,1267,2
1899,44,4
1735,62,4
1636,580,1
1955,456,3
1987,668,3
1870,789,0
1901,1042,3
2018,1161,3
1749,1269,1
1830,1377,3
83,26,4
210,46,4
171,21,4
133,74,4
162,91,4
142,85,4
168,17,4
89,44,4
156,86,4
166,16,4
251,189,4
207,166,4
231,141,4
200,222,4
254,183,4
265,202,4
211,213,4
251,172,4
274,169,4
291,185,4
281,291,4
355,339,4
259,353,4
300,295,4
336,323,4
245,336,4
283,363,4
250,314,4
250,362,4
291,361,4
401,369,4
440,535,4
370,492,4
377,398,4
454,538,4
416,407,4
411,484,4
401,375,4
349,420,4
408,519,4
82,674,3
47,664,3
143,641,3
9,667,3
14,735,3
68,665,3
72,686,3
59,684,3
11,673,3
84,737,3
84,852,5
28,845,5
28,870,5
77,846,5
105,853,5
44,866,5
67,868,5
44,865,5
33,853,5
55,862,5
389,955,5
310,938,5
360,964,5
391,972,5
374,966,5
376,929,5
399,943,5
401,979,5
350,1019,5
341,1010,5
142,990,5
67,998,5
62,959,5
39,974,5
66,946,5
86,988,5
35,1076,5
59,948,5
21,1027,5
4,953,5
227,1376,3
222,1343,3
216,1366,3
266,1423,3
257,1377,3
225,1393,3
220,1414,3
247,1419,3
240,1435,3
231,1376,3
223,1333,3
199,1380,3
291,1397,3
205,1353,3
208,1386,3
258,1368,3
267,1359,3
201,1363,3
282,1362,3
195,1373,3
519,161,2
531,136,2
535,156,2
503,135,2
571,94,2
604,176,2
564,127,2
565,91,2
527,83,2
486,155,2
605,62,2
586,99,2
508,55,2
518,3,2
502,38,2
547,64,2
552,82,2
604,67,2
514,47,2
617,113,2
616,522,5
607,529,5
650,497,5
652,475,5
715,551,5
707,553,5
710,496,5
628,481,5
738,582,5
619,524,5
637,349,5
577,388,5
601,426,5
662,389,5
637,416,5
593,341,5
649,399,5
642,379,5
562,385,5
574,365,5
584,874,4
658,814,4
693,824,4
656,864,4
599,824,4
581,848,4
680,874,4
667,864,4
593,830,4
551,907,4
554,724,4
523,705,4
569,792,4
538,704,4
544,701,4
567,802,4
545,765,4
537,810,4
572,740,4
571,761,4
594,811,4
559,908,4
585,803,4
611,855,4
634,880,4
555,915,4
677,838,4
605,861,4
553,889,4
576,922,4
520,1150,3
443,1194,3
509,1180,3
526,1244,3
491,1237,3
467,1155,3
446,1168,3
455,1175,3
481,1184,3
493,1150,3
857,1431,4
879,1457,4
808,1438,4
820,1429,4
854,1485,4
814,1511,4
824,1534,4
890,1508,4
818,1392,4
854,1531,4
315,1260,5
324,1334,5
421,1351,5
340,1265,5
358,1265,5
345,1307,5
449,1232,5
421,1385,5
432,1346,5
349,1348,5
1016,28,5
1047,81,5
1038,91,5
1089,54,5
1114,58,5
1082,20,5
1091,30,5
1071,92,5
1016,4,5
1138,2,5
1108,88,4
1245,37,4
1242,108,4
1245,24,4
1239,60,4
1110,93,4
1214,143,4
1203,36,4
1143,114,4
1235,80,4
1100,280,3
1093,391,3
1192,382,3
1088,310,3
1106,404,3
1146,354,3
1114,333,3
1153,228,3
1149,238,3
1109,368,3
1224,424,3
1222,465,3
1216,400,3
1205,413,3
1217,434,3
1203,490,3
1219,465,3
1218,395,3
1270,448,3
1209,408,3
823,621,3
919,582,3
823,597,3
835,646,3
737,622,3
906,639,3
862,623,3
817,612,3
842,623,3
848,607,3
908,794,4
892,775,4
984,731,4
941,732,4
968,740,4
847,705,4
866,754,4
863,831,4
787,758,4
847,806,4
1039,1033,4
1067,1022,4
1022,1016,4
1097,1004,4
1066,1096,4
1131,1052,4
1070,1026,4
1120,1091,4
1010,1020,4
1129,1017,4
1170,962,1
1242,927,1
1203,1014,1
1200,1004,1
1254,1016,1
1272,972,1
1261,964,1
1239,1044,1
1173,1004,1
1209,1062,1
902,1494,4
779,1420,4
829,1398,4
903,1530,4
864,1454,4
821,1521,4
818,1518,4
877,1495,4
798,1441,4
816,1478,4
962,1393,4
1056,1365,4
1049,1378,4
1067,1394,4
968,1339,4
1043,1360,4
998,1348,4
993,1363,4
1014,1344,4
963,1393,4
1502,60,4
1468,8,4
1429,28,4
1513,67,4
1451,94,4
1393,6,4
1456,59,4
1440,7,4
1501,56,4
1523,37,4
1520,312,5
1481,318,5
1545,267,5
1484,260,5
1535,254,5
1472,274,5
1498,233,5
1525,350,5
1510,227,5
1558,320,5
1555,416,3
1625,455,3
1533,429,3
1542,422,3
1666,342,3
1662,359,3
1657,346,3
1525,467,3
1594,337,3
1662,374,3
1417,482,3
1464,410,3
1458,461,3
1482,478,3
1397,454,3
1476,457,3
1467,457,3
1484,470,3
1401,435,3
1491,443,3
1246,875,3
1309,814,3
1249,907,3
1284,903,3
1289,907,3
1311,887,3
1248,891,3
1249,892,3
1304,816,3
1290,854,3
1626,892,5
1543,861,5
1571,881,5
1543,879,5
1597,831,5
1554,842,5
1618,781,5
1606,795,5
1563,847,5
1618,878,5
1634,1121,1
1633,1125,1
1632,1151,1
1577,1199,1
1579,1175,1
1607,1206,1
1589,1178,1
1617,1164,1
1600,1202,1
1601,1227,1
1298,1179,1
1270,1091,1
1317,1052,1
1295,1155,1
1242,1103,1
1301,1007,1
1304,1136,1
1293,1171,1
1283,1044,1
1234,1067,1
1437,1241,1
1485,1325,1
1450,1245,1
1484,1216,1
1425,1275,1
1540,1245,1
1490,1216,1
1493,1315,1
1496,1318,1
1471,1257,1
1171,1254,2
1278,1245,2
1236,1267,2
1185,1245,2
1151,1316,2
1193,1334,2
1215,1251,2
1223,1258,2
1141,1300,2
1221,1315,2
1888,71,4
1953,47,4
1951,97,4
1897,89,4
1987,81,4
2000,68,4
1910,96,4
1956,66,4
1974,20,4
1911,87,4
1790,89,4
1800,60,4
1847,51,4
1770,103,4
1723,89,4
1821,7,4
1731,85,4
1828,41,4
1750,98,4
1848,55,4
1748,545,1
1745,556,1
1715,493,1
1650,498,1
1734,583,1
1714,588,1
1677,584,1
1679,633,1
1617,573,1
1615,576,1
1875,468,3
1942,440,3
1925,437,3
1957,435,3
1921,472,3
1878,422,3
1875,397,3
1952,390,3
1915,418,3
1906,413,3
1948,745,3
1980,729,3
2021,812,3
1985,781,3
2031,816,3
2014,763,3
1955,737,3
2005,745,3
1969,729,3
1951,704,3
1861,768,0
1902,782,0
1906,790,0
1852,743,0
1908,796,0
1917,799,0
1908,778,0
1846,761,0
1929,748,0
1861,772,0
1870,991,3
1863,946,3
1867,950,3
1890,907,3
1869,1026,3
1821,986,3
1900,1046,3
1899,995,3
1913,954,3
1868,934,3
1995,1200,3
1970,1134,3
2033,1239,3
2039,1174,3
1986,1170,3
1997,1136,3
1933,1203,3
2016,1183,3
1989,1183,3
1974,1191,3
1813,1245,1
1780,1228,1
1782,1267,1
1751,1250,1
1813,1272,1
1776,1263,1
1718,1244,1
1750,1240,1
1792,1315,1
1777,1308,1
1820,1371,3
1828,1383,3
1859,1405,3
1838,1318,3
1840,1343,3
1821,1339,3
1886,1331,3
1825,1373,3
1831,1411,3
1775,1401,3
