201208172_T-15-03-35_Dive_01_138.jpg
x,y,label
278,307,4
11,47,4
376,424,3
315,334,4
315,624,5
148,837,2
261,923,5
333,1018,5
372,1485,4
395,1295,3
438,113,4
512,153,4
579,497,5
712,325,3
706,686,3
575,759,3
790,1093,4
566,1075,3
456,1237,4
544,1335,4
1021,145,3
988,260,3
1214,465,4
1067,492,3
871,906,3
1030,710,5
974,986,2
1136,1128,4
1169,1355,3
1082,1330,3
1393,193,4
1235,293,4
1233,387,4
1498,350,0
1324,789,3
1483,789,4
1312,1083,4
1578,1104,4
1271,1318,3
1445,1440,4
1942,117,3
1932,164,2
1932,351,4
1932,322,4
1895,709,3
1735,757,4
1853,991,4
1806,922,4
1935,1258,4
1866,1506,4
266,292,4
316,283,4
278,284,4
299,277,4
320,317,4
325,316,4
256,281,4
295,208,4
312,224,4
253,264,4
84,82,4
38,67,4
0,40,4
69,71,4
31,119,4
84,44,4
49,72,4
68,75,4
15,82,4
2,44,4
339,412,3
394,487,3
391,481,3
351,440,3
455,450,3
374,459,3
368,415,3
472,446,3
337,459,3
346,428,3
109,293,4
167,365,4
359,335,4
206,343,4
177,352,4
286,355,4
129,315,4
104,299,4
105,293,4
230,348,4
269,676,5
347,637,5
340,660,5
350,585,5
248,666,5
335,640,5
355,648,5
398,648,5
316,695,5
312,723,5
142,826,2
150,942,2
132,871,2
109,903,2
196,852,2
162,870,2
110,886,2
160,835,2
143,875,2
145,824,2
282,954,5
256,941,5
285,908,5
267,943,5
270,1014,5
241,877,5
238,913,5
251,905,5
265,935,5
301,954,5
430,872,5
366,948,5
428,1009,5
438,920,5
446,944,5
338,1003,5
496,845,5
469,852,5
394,929,5
431,871,5
444,1459,4
427,1447,4
327,1521,4
347,1522,4
357,1460,4
364,1524,4
360,1443,4
352,1525,4
322,1472,4
320,1469,4
473,1361,3
464,1188,3
428,1289,3
380,1277,3
482,1301,3
470,1336,3
431,1284,3
492,1289,3
529,1277,3
479,1311,3
422,96,4
511,32,4
441,52,4
499,9,4
453,25,4
417,101,4
440,81,4
478,87,4
495,3,4
432,11,4
579,187,4
548,179,4
600,163,4
525,152,4
535,203,4
638,188,4
557,81,4
636,178,4
520,169,4
494,167,4
578,447,5
608,525,5
664,516,5
653,464,5
522,530,5
612,480,5
649,554,5
558,516,5
690,559,5
594,488,5
687,378,3
714,393,3
667,341,3
676,317,3
709,317,3
712,345,3
695,388,3
657,378,3
678,357,3
693,357,3
741,699,3
681,625,3
759,654,3
712,630,3
712,597,3
757,693,3
673,619,3
767,675,3
728,626,3
735,686,3
606,770,3
597,830,3
491,745,3
562,789,3
582,833,3
568,724,3
490,784,3
576,742,3
506,734,3
563,744,3
727,1136,4
780,1169,4
750,1155,4
691,1189,4
777,1101,4
747,1140,4
824,1199,4
715,1155,4
714,1168,4
785,1095,4
590,1062,3
602,952,3
578,968,3
592,965,3
549,1022,3
630,1012,3
550,1029,3
573,956,3
548,1031,3
641,1000,3
473,1255,4
527,1235,4
387,1289,4
463,1358,4
458,1333,4
439,1341,4
487,1303,4
475,1213,4
463,1297,4
438,1351,4
523,1335,4
534,1321,4
552,1406,4
428,1389,4
516,1359,4
541,1324,4
489,1413,4
458,1408,4
551,1424,4
528,1390,4
1090,80,3
1046,83,3
1109,130,3
1020,178,3
980,134,3
967,144,3
971,74,3
1007,189,3
991,80,3
1029,99,3
978,258,3
1018,262,3
925,308,3
959,283,3
928,305,3
942,275,3
961,284,3
969,299,3
929,263,3
988,239,3
1141,443,4
1147,393,4
1210,501,4
1168,445,4
1280,425,4
1197,422,4
1191,464,4
1129,451,4
1173,407,4
1284,416,4
1067,363,3
997,450,3
1038,481,3
1008,381,3
1141,505,3
1079,470,3
1089,419,3
1011,393,3
1068,391,3
1023,478,3
848,941,3
864,942,3
886,966,3
841,951,3
857,967,3
877,963,3
890,996,3
859,1019,3
869,969,3
898,994,3
1081,704,5
1088,703,5
1091,707,5
1078,714,5
1062,731,5
1043,672,5
1051,701,5
1037,708,5
1052,707,5
1053,714,5
981,1055,2
958,1027,2
997,971,2
1017,1034,2
991,1005,2
992,952,2
944,1041,2
1027,985,2
969,988,2
1021,1020,2
1115,1159,4
1091,1151,4
1141,1206,4
1216,1227,4
1139,1193,4
1083,1154,4
1103,1176,4
1224,1227,4
1157,1161,4
1154,1208,4
1210,1308,3
1170,1361,3
1092,1358,3
1149,1369,3
1160,1322,3
1123,1368,3
1199,1288,3
1173,1295,3
1148,1292,3
1120,1222,3
1034,1310,3
1109,1247,3
1101,1289,3
1083,1314,3
1068,1336,3
1103,1223,3
1089,1316,3
1038,1313,3
1079,1298,3
1073,1275,3
1355,147,4
1463,201,4
1400,154,4
1387,237,4
1382,219,4
1350,144,4
1400,163,4
1417,235,4
1429,208,4
1344,219,4
1119,278,4
1187,238,4
1280,267,4
1186,276,4
1271,269,4
1231,254,4
1206,250,4
1176,300,4
1147,243,4
1180,268,4
1236,362,4
1140,355,4
1129,374,4
1225,336,4
1225,392,4
1175,329,4
1151,381,4
1237,404,4
1219,336,4
1119,372,4
1471,284,0
1491,336,0
1451,319,0
1484,358,0
1456,319,0
1428,331,0
1459,373,0
1468,304,0
1501,361,0
1457,316,0
1319,737,3
1323,901,3
1290,856,3
1278,869,3
1269,803,3
1286,764,3
1255,817,3
1262,849,3
1279,825,3
1285,794,3
1341,811,4
1466,796,4
1429,769,4
1478,749,4
1347,841,4
1336,868,4
1418,774,4
1365,810,4
1448,786,4
1532,746,4
1294,992,4
1315,1085,4
1254,1127,4
1332,1010,4
1300,974,4
1285,1101,4
1306,1054,4
1289,1084,4
1267,1120,4
1273,1048,4
1566,1031,4
1594,1088,4
1642,1061,4
1539,1072,4
1565,1111,4
1555,1114,4
1589,1099,4
1555,1052,4
1547,1055,4
1550,1085,4
1331,1250,3
1329,1288,3
1280,1275,3
1334,1274,3
1344,1302,3
1335,1342,3
1293,1259,3
1283,1237,3
1278,1309,3
1309,1291,3
1429,1347,4
1481,1391,4
1432,1421,4
1402,1417,4
1459,1423,4
1435,1342,4
1425,1418,4
1438,1351,4
1482,1367,4
1408,1386,4
1851,240,3
1896,143,3
1907,130,3
1820,194,3
1851,153,3
1841,147,3
1911,90,3
1783,162,3
1826,150,3
1912,97,3
1903,238,2
1937,238,2
1944,208,2
1863,181,2
1863,246,2
1956,152,2
1952,168,2
1950,240,2
1934,262,2
1951,164,2
2044,326,4
1890,430,4
1984,429,4
2009,371,4
2006,326,4
2003,376,4
1968,350,4
2030,396,4
1943,426,4
1954,360,4
1984,337,4
1941,387,4
1959,382,4
2024,351,4
2039,341,4
1931,339,4
1936,400,4
1924,358,4
1992,426,4
1904,361,4
1837,751,3
1901,808,3
1814,705,3
1890,746,3
1829,768,3
1886,685,3
1869,725,3
1835,701,3
1845,730,3
1871,743,3
1752,757,4
1702,761,4
1666,739,4
1707,746,4
1746,785,4
1695,779,4
1672,765,4
1738,768,4
1698,773,4
1762,794,4
1856,944,4
1969,997,4
1869,924,4
1893,1011,4
1842,952,4
1879,1000,4
1849,988,4
1910,955,4
1874,1015,4
1867,939,4
1720,987,4
1739,1011,4
1721,974,4
1750,926,4
1834,942,4
1771,1007,4
1754,958,4
1747,935,4
1779,918,4
1805,975,4
1958,1324,4
1990,1265,4
1946,1251,4
1964,1316,4
2015,1253,4
2008,1312,4
1959,1333,4
1946,1252,4
2003,1351,4
1964,1328,4
1857,1487,4
1893,1473,4
1858,1488,4
1859,1520,4
1804,1516,4
1894,1530,4
1874,1502,4
1821,1501,4
1856,1491,4
1912,1470,4
