201208172_T-12-50-10_Dive_01_025.jpg
x,y,label
1560,218,4
744,746,4
378,423,3
1404,548,4
256,344,3
1538,439,4
2023,26,4
1634,1248,0
1812,1002,0
1757,1473,1
1637,155,4
1165,787,4
1024,243,4
135,1099,4
865,17,4
1463,38,4
2031,865,3
1321,1275,3
137,238,3
1136,445,4
1715,1221,0
265,369,3
979,159,4
798,1047,4
671,1018,4
1137,1489,4
507,523,5
589,496,4
707,1098,4
1707,406,2
1829,555,4
506,686,4
1523,10,4
1178,938,4
801,204,4
716,1353,4
151,750,3
1300,754,4
329,499,3
823,906,4
142,1524,4
827,660,2
200,464,3
1291,931,4
1325,188,4
1723,854,4
478,616,4
1040,515,4
1645,204,4
1756,574,4
1527,235,4
1597,230,4
1504,204,4
1602,246,4
1495,224,4
1615,228,4
1568,267,4
1525,252,4
1513,222,4
1537,249,4
647,759,4
653,761,4
658,801,4
719,789,4
676,781,4
719,765,4
624,871,4
667,864,4
762,758,4
716,843,4
392,401,3
301,340,3
363,356,3
357,416,3
398,307,3
355,331,3
333,367,3
365,364,3
328,395,3
373,268,3
1365,529,4
1317,594,4
1318,548,4
1387,609,4
1314,588,4
1315,568,4
1351,538,4
1381,534,4
1380,542,4
1377,537,4
193,265,3
221,281,3
311,284,3
210,262,3
328,268,3
270,285,3
285,301,3
284,276,3
270,342,3
195,296,3
1596,507,4
1571,517,4
1614,463,4
1544,519,4
1569,445,4
1550,450,4
1533,546,4
1500,516,4
1529,463,4
1611,467,4
1926,10,4
1866,0,4
2033,23,4
2005,98,4
2029,93,4
1853,17,4
1972,31,4
2047,89,4
1978,35,4
1977,58,4
1691,1298,0
1716,1319,0
1676,1256,0
1682,1259,0
1613,1322,0
1644,1266,0
1661,1260,0
1620,1277,0
1616,1301,0
1683,1301,0
1848,924,0
1840,952,0
1782,951,0
1865,927,0
1862,1021,0
1832,947,0
1831,975,0
1815,1043,0
1809,990,0
1802,953,0
1755,1473,1
1861,1515,1
1823,1486,1
1843,1430,1
1813,1438,1
1805,1499,1
1838,1468,1
1835,1446,1
1778,1467,1
1729,1525,1
1740,194,4
1667,138,4
1622,190,4
1698,244,4
1694,238,4
1681,137,4
1686,153,4
1703,206,4
1739,192,4
1722,225,4
1168,839,4
1179,740,4
1173,821,4
1178,761,4
1194,812,4
1204,784,4
1149,803,4
1179,736,4
1171,814,4
1205,757,4
1036,243,4
1028,158,4
1052,199,4
1011,165,4
1108,237,4
1082,193,4
1100,237,4
1082,247,4
1023,218,4
1119,220,4
165,1131,4
227,1068,4
156,1035,4
171,1033,4
230,1068,4
97,1133,4
129,1101,4
175,1068,4
182,1068,4
154,1124,4
885,37,4
805,31,4
871,60,4
846,71,4
914,59,4
904,25,4
795,23,4
887,4,4
875,36,4
846,45,4
1465,80,4
1477,17,4
1452,85,4
1397,21,4
1445,45,4
1483,26,4
1396,43,4
1404,23,4
1452,45,4
1459,91,4
1969,852,3
1938,832,3
1969,870,3
1962,923,3
1969,840,3
1958,853,3
1911,854,3
2026,856,3
1961,854,3
2030,856,3
1398,1301,3
1340,1255,3
1398,1266,3
1342,1207,3
1414,1303,3
1299,1367,3
1436,1310,3
1362,1286,3
1324,1269,3
1324,1290,3
93,265,3
184,297,3
84,296,3
86,288,3
190,240,3
135,240,3
138,309,3
69,287,3
132,324,3
94,332,3
1240,477,4
1191,521,4
1183,481,4
1206,446,4
1157,487,4
1164,434,4
1199,520,4
1243,481,4
1243,482,4
1125,455,4
1681,1219,0
1691,1198,0
1659,1188,0
1708,1164,0
1768,1193,0
1713,1192,0
1725,1196,0
1654,1169,0
1690,1232,0
1717,1183,0
347,319,3
354,269,3
372,376,3
356,398,3
306,418,3
316,395,3
401,264,3
306,344,3
392,377,3
378,276,3
925,172,4
951,198,4
973,259,4
927,246,4
923,231,4
924,193,4
958,212,4
1013,212,4
914,197,4
933,229,4
836,1108,4
819,1101,4
784,1112,4
801,1044,4
802,1132,4
848,1104,4
814,1089,4
811,1019,4
873,1086,4
850,1140,4
699,916,4
729,864,4
712,914,4
714,976,4
700,926,4
680,1007,4
668,992,4
658,955,4
720,979,4
683,960,4
1131,1486,4
1133,1534,4
1213,1526,4
1109,1522,4
1136,1418,4
1163,1443,4
1126,1508,4
1218,1471,4
1181,1428,4
1141,1500,4
574,389,5
554,511,5
605,433,5
545,417,5
570,453,5
525,511,5
507,485,5
462,465,5
554,493,5
576,437,5
557,454,4
552,474,4
479,459,4
505,558,4
576,395,4
604,501,4
548,501,4
526,442,4
554,512,4
555,402,4
689,1094,4
799,1032,4
742,1082,4
732,1063,4
676,1093,4
698,1102,4
781,1070,4
733,1055,4
708,994,4
751,1054,4
1648,349,2
1639,337,2
1710,358,2
1630,355,2
1731,349,2
1615,391,2
1642,331,2
1634,349,2
1725,413,2
1614,388,2
1904,525,4
1855,525,4
1903,491,4
1824,514,4
1893,500,4
1861,466,4
1877,540,4
1880,482,4
1874,476,4
1828,556,4
448,658,4
463,544,4
433,636,4
506,651,4
427,609,4
466,709,4
420,603,4
497,732,4
500,674,4
444,550,4
1513,11,4
1523,97,4
1567,79,4
1576,15,4
1575,20,4
1535,58,4
1618,52,4
1624,95,4
1553,63,4
1620,80,4
1175,981,4
1213,988,4
1214,974,4
1165,998,4
1155,984,4
1175,1021,4
1173,966,4
1205,1017,4
1187,969,4
1144,1006,4
783,50,4
801,189,4
768,102,4
781,184,4
784,67,4
745,173,4
837,101,4
792,211,4
811,134,4
809,96,4
622,1342,4
698,1351,4
650,1363,4
703,1338,4
642,1339,4
612,1344,4
660,1370,4
709,1347,4
663,1341,4
632,1365,4
179,747,3
52,669,3
108,677,3
109,767,3
76,700,3
42,662,3
149,798,3
100,704,3
189,720,3
95,760,3
1274,764,4
1269,747,4
1281,722,4
1285,774,4
1269,723,4
1292,767,4
1304,709,4
1274,699,4
1239,780,4
1252,786,4
316,536,3
312,586,3
345,574,3
336,615,3
347,583,3
320,538,3
362,590,3
327,583,3
333,571,3
315,591,3
788,869,4
815,871,4
763,872,4
786,823,4
833,858,4
748,886,4
799,887,4
808,840,4
770,905,4
775,828,4
110,1486,4
122,1450,4
116,1517,4
122,1464,4
182,1530,4
138,1472,4
117,1506,4
138,1470,4
113,1527,4
134,1503,4
873,627,2
806,703,2
832,715,2
859,630,2
806,680,2
844,696,2
885,670,2
868,668,2
839,598,2
889,649,2
175,422,3
230,381,3
216,441,3
281,390,3
217,371,3
283,490,3
221,374,3
223,390,3
266,386,3
207,462,3
1306,1002,4
1263,991,4
1288,965,4
1253,992,4
1322,972,4
1309,920,4
1301,956,4
1303,1001,4
1278,988,4
1264,929,4
1376,153,4
1433,92,4
1432,103,4
1409,124,4
1375,135,4
1432,95,4
1355,186,4
1347,136,4
1318,158,4
1408,125,4
1608,894,4
1659,896,4
1681,858,4
1630,878,4
1654,883,4
1698,880,4
1689,854,4
1663,917,4
1622,864,4
1715,860,4
497,751,4
430,598,4
500,712,4
426,718,4
505,717,4
514,729,4
465,658,4
502,649,4
475,609,4
499,691,4
1031,422,4
1069,500,4
1097,465,4
1047,375,4
1083,448,4
1035,479,4
1018,440,4
1055,394,4
1022,403,4
1105,482,4
1663,117,4
1651,133,4
1646,162,4
1631,172,4
1720,198,4
1652,182,4
1724,160,4
1701,112,4
1729,206,4
1641,180,4
1742,574,4
1814,550,4
1812,574,4
1780,511,4
1762,517,4
1792,507,4
1762,471,4
1793,495,4
1760,462,4
1747,559,4
